STATEFP|COUNTYFP|DISTRICT|NAME|NAMELSAD
32|001|000001|CHURCHILL PRECINCT 01|CHURCHILL PRECINCT 01
32|001|000002|CHURCHILL PRECINCT 02|CHURCHILL PRECINCT 02
32|001|000003|CHURCHILL PRECINCT 03|CHURCHILL PRECINCT 03
32|001|000004|CHURCHILL PRECINCT 04|CHURCHILL PRECINCT 04
32|001|000005|CHURCHILL PRECINCT 05|CHURCHILL PRECINCT 05
32|001|000006|CHURCHILL PRECINCT 06|CHURCHILL PRECINCT 06
32|001|000007|CHURCHILL PRECINCT 07|CHURCHILL PRECINCT 07
32|001|000008|CHURCHILL PRECINCT 08|CHURCHILL PRECINCT 08
32|001|000009|CHURCHILL PRECINCT 09|CHURCHILL PRECINCT 09
32|001|000010|CHURCHILL PRECINCT 10|CHURCHILL PRECINCT 10
32|001|000011|CHURCHILL PRECINCT 11|CHURCHILL PRECINCT 11
32|001|000012|CHURCHILL PRECINCT 12|CHURCHILL PRECINCT 12
32|001|000013|CHURCHILL PRECINCT 13|CHURCHILL PRECINCT 13
32|001|000014|CHURCHILL PRECINCT 14|CHURCHILL PRECINCT 14
32|001|000015|CHURCHILL PRECINCT 15|CHURCHILL PRECINCT 15
32|001|000016|CHURCHILL PRECINCT 16|CHURCHILL PRECINCT 16
32|001|000017|CHURCHILL PRECINCT 17|CHURCHILL PRECINCT 17
32|001|000018|CHURCHILL PRECINCT 18|CHURCHILL PRECINCT 18
32|001|000019|CHURCHILL PRECINCT 19|CHURCHILL PRECINCT 19
32|001|007-01|CHURCHILL PRECINCT 07-01|CHURCHILL PRECINCT 07-01
32|001|008-01|CHURCHILL PRECINCT 08-01|CHURCHILL PRECINCT 08-01
32|001|008-02|CHURCHILL PRECINCT 08-02|CHURCHILL PRECINCT 08-02
32|001|008-03|CHURCHILL PRECINCT 08-03|CHURCHILL PRECINCT 08-03
32|001|012-01|CHURCHILL PRECINCT 12-01|CHURCHILL PRECINCT 12-01
32|001|012-02|CHURCHILL PRECINCT 12-02|CHURCHILL PRECINCT 12-02
32|001|012-03|CHURCHILL PRECINCT 12-03|CHURCHILL PRECINCT 12-03
32|001|015-01|CHURCHILL PRECINCT 15-01|CHURCHILL PRECINCT 15-01
32|001|015-02|CHURCHILL PRECINCT 15-02|CHURCHILL PRECINCT 15-02
32|001|015-03|CHURCHILL PRECINCT 15-03|CHURCHILL PRECINCT 15-03
32|001|015-04|CHURCHILL PRECINCT 15-04|CHURCHILL PRECINCT 15-04
32|001|015-05|CHURCHILL PRECINCT 15-05|CHURCHILL PRECINCT 15-05
32|001|015-06|CHURCHILL PRECINCT 15-06|CHURCHILL PRECINCT 15-06
32|001|015-07|CHURCHILL PRECINCT 15-07|CHURCHILL PRECINCT 15-07
32|001|015-08|CHURCHILL PRECINCT 15-08|CHURCHILL PRECINCT 15-08
32|001|015-09|CHURCHILL PRECINCT 15-09|CHURCHILL PRECINCT 15-09
32|001|015-10|CHURCHILL PRECINCT 15-10|CHURCHILL PRECINCT 15-10
32|003|001038|1038|1038
32|003|001039|1039|1039
32|003|001063|1063|1063
32|003|001067|1067|1067
32|003|001072|1072|1072
32|003|001074|1074|1074
32|003|001137|1137|1137
32|003|001302|1302|1302
32|003|001303|1303|1303
32|003|001304|1304|1304
32|003|001307|1307|1307
32|003|001309|1309|1309
32|003|001318|1318|1318
32|003|001327|1327|1327
32|003|001328|1328|1328
32|003|001330|1330|1330
32|003|001331|1331|1331
32|003|001332|1332|1332
32|003|001333|1333|1333
32|003|001334|1334|1334
32|003|001335|1335|1335
32|003|001336|1336|1336
32|003|001337|1337|1337
32|003|001340|1340|1340
32|003|001341|1341|1341
32|003|001342|1342|1342
32|003|001343|1343|1343
32|003|001344|1344|1344
32|003|001345|1345|1345
32|003|001346|1346|1346
32|003|001348|1348|1348
32|003|001349|1349|1349
32|003|001351|1351|1351
32|003|001352|1352|1352
32|003|001353|1353|1353
32|003|001354|1354|1354
32|003|001356|1356|1356
32|003|001361|1361|1361
32|003|001363|1363|1363
32|003|001365|1365|1365
32|003|001367|1367|1367
32|003|001368|1368|1368
32|003|001371|1371|1371
32|003|001374|1374|1374
32|003|001375|1375|1375
32|003|001376|1376|1376
32|003|001377|1377|1377
32|003|001378|1378|1378
32|003|001379|1379|1379
32|003|001380|1380|1380
32|003|001381|1381|1381
32|003|001382|1382|1382
32|003|001384|1384|1384
32|003|001385|1385|1385
32|003|001386|1386|1386
32|003|001387|1387|1387
32|003|001389|1389|1389
32|003|001390|1390|1390
32|003|001391|1391|1391
32|003|001394|1394|1394
32|003|001395|1395|1395
32|003|001396|1396|1396
32|003|001410|1410|1410
32|003|001411|1411|1411
32|003|001509|1509|1509
32|003|001510|1510|1510
32|003|001511|1511|1511
32|003|001513|1513|1513
32|003|001514|1514|1514
32|003|001517|1517|1517
32|003|001518|1518|1518
32|003|001519|1519|1519
32|003|001520|1520|1520
32|003|001521|1521|1521
32|003|001525|1525|1525
32|003|001528|1528|1528
32|003|001533|1533|1533
32|003|001543|1543|1543
32|003|001550|1550|1550
32|003|001552|1552|1552
32|003|001553|1553|1553
32|003|001601|1601|1601
32|003|001602|1602|1602
32|003|001603|1603|1603
32|003|001604|1604|1604
32|003|001605|1605|1605
32|003|001606|1606|1606
32|003|001607|1607|1607
32|003|001608|1608|1608
32|003|001609|1609|1609
32|003|001611|1611|1611
32|003|001612|1612|1612
32|003|001613|1613|1613
32|003|001614|1614|1614
32|003|001615|1615|1615
32|003|001616|1616|1616
32|003|001617|1617|1617
32|003|001618|1618|1618
32|003|001619|1619|1619
32|003|001621|1621|1621
32|003|001623|1623|1623
32|003|001624|1624|1624
32|003|001625|1625|1625
32|003|001631|1631|1631
32|003|001632|1632|1632
32|003|001633|1633|1633
32|003|001634|1634|1634
32|003|001635|1635|1635
32|003|001641|1641|1641
32|003|001642|1642|1642
32|003|001643|1643|1643
32|003|001644|1644|1644
32|003|001645|1645|1645
32|003|001651|1651|1651
32|003|001652|1652|1652
32|003|001653|1653|1653
32|003|001655|1655|1655
32|003|001661|1661|1661
32|003|001662|1662|1662
32|003|001664|1664|1664
32|003|001665|1665|1665
32|003|001668|1668|1668
32|003|001669|1669|1669
32|003|001670|1670|1670
32|003|001671|1671|1671
32|003|001672|1672|1672
32|003|001673|1673|1673
32|003|001674|1674|1674
32|003|001675|1675|1675
32|003|001676|1676|1676
32|003|001677|1677|1677
32|003|001678|1678|1678
32|003|001679|1679|1679
32|003|001680|1680|1680
32|003|001681|1681|1681
32|003|001682|1682|1682
32|003|001683|1683|1683
32|003|001684|1684|1684
32|003|001685|1685|1685
32|003|001686|1686|1686
32|003|001687|1687|1687
32|003|001688|1688|1688
32|003|001689|1689|1689
32|003|001691|1691|1691
32|003|001692|1692|1692
32|003|001693|1693|1693
32|003|001694|1694|1694
32|003|001695|1695|1695
32|003|001702|1702|1702
32|003|001703|1703|1703
32|003|001704|1704|1704
32|003|001711|1711|1711
32|003|001712|1712|1712
32|003|001713|1713|1713
32|003|001715|1715|1715
32|003|001717|1717|1717
32|003|001718|1718|1718
32|003|001719|1719|1719
32|003|001720|1720|1720
32|003|001721|1721|1721
32|003|001722|1722|1722
32|003|001727|1727|1727
32|003|001732|1732|1732
32|003|001750|1750|1750
32|003|001751|1751|1751
32|003|001753|1753|1753
32|003|001903|1903|1903
32|003|001905|1905|1905
32|003|001906|1906|1906
32|003|001907|1907|1907
32|003|001908|1908|1908
32|003|001909|1909|1909
32|003|001912|1912|1912
32|003|001915|1915|1915
32|003|001917|1917|1917
32|003|001918|1918|1918
32|003|001919|1919|1919
32|003|001920|1920|1920
32|003|001921|1921|1921
32|003|001922|1922|1922
32|003|001923|1923|1923
32|003|001924|1924|1924
32|003|001925|1925|1925
32|003|001926|1926|1926
32|003|001928|1928|1928
32|003|001929|1929|1929
32|003|001930|1930|1930
32|003|001935|1935|1935
32|003|001940|1940|1940
32|003|001943|1943|1943
32|003|001946|1946|1946
32|003|001959|1959|1959
32|003|001960|1960|1960
32|003|001964|1964|1964
32|003|002008|2008|2008
32|003|002037|2037|2037
32|003|002044|2044|2044
32|003|002078|2078|2078
32|003|002126|2126|2126
32|003|002352|2352|2352
32|003|002353|2353|2353
32|003|002354|2354|2354
32|003|002356|2356|2356
32|003|002360|2360|2360
32|003|002366|2366|2366
32|003|002371|2371|2371
32|003|002372|2372|2372
32|003|002373|2373|2373
32|003|002380|2380|2380
32|003|002381|2381|2381
32|003|002382|2382|2382
32|003|002383|2383|2383
32|003|002384|2384|2384
32|003|002385|2385|2385
32|003|002386|2386|2386
32|003|002387|2387|2387
32|003|002390|2390|2390
32|003|002391|2391|2391
32|003|002392|2392|2392
32|003|002393|2393|2393
32|003|002394|2394|2394
32|003|002399|2399|2399
32|003|002400|2400|2400
32|003|002401|2401|2401
32|003|002405|2405|2405
32|003|002406|2406|2406
32|003|002407|2407|2407
32|003|002408|2408|2408
32|003|002409|2409|2409
32|003|002417|2417|2417
32|003|002430|2430|2430
32|003|002436|2436|2436
32|003|002440|2440|2440
32|003|002444|2444|2444
32|003|002445|2445|2445
32|003|002446|2446|2446
32|003|002447|2447|2447
32|003|002449|2449|2449
32|003|002456|2456|2456
32|003|002457|2457|2457
32|003|002458|2458|2458
32|003|002463|2463|2463
32|003|002464|2464|2464
32|003|002465|2465|2465
32|003|002466|2466|2466
32|003|002468|2468|2468
32|003|002469|2469|2469
32|003|002473|2473|2473
32|003|002476|2476|2476
32|003|002477|2477|2477
32|003|002478|2478|2478
32|003|002479|2479|2479
32|003|002480|2480|2480
32|003|002481|2481|2481
32|003|002483|2483|2483
32|003|002484|2484|2484
32|003|002486|2486|2486
32|003|002487|2487|2487
32|003|002488|2488|2488
32|003|002489|2489|2489
32|003|002500|2500|2500
32|003|002501|2501|2501
32|003|002503|2503|2503
32|003|002600|2600|2600
32|003|002601|2601|2601
32|003|002602|2602|2602
32|003|002603|2603|2603
32|003|002604|2604|2604
32|003|002605|2605|2605
32|003|002606|2606|2606
32|003|002607|2607|2607
32|003|002608|2608|2608
32|003|002609|2609|2609
32|003|002611|2611|2611
32|003|002612|2612|2612
32|003|002613|2613|2613
32|003|002614|2614|2614
32|003|002615|2615|2615
32|003|002616|2616|2616
32|003|002617|2617|2617
32|003|002621|2621|2621
32|003|002622|2622|2622
32|003|002623|2623|2623
32|003|002624|2624|2624
32|003|002625|2625|2625
32|003|002631|2631|2631
32|003|002632|2632|2632
32|003|002633|2633|2633
32|003|002634|2634|2634
32|003|002635|2635|2635
32|003|002640|2640|2640
32|003|002641|2641|2641
32|003|002642|2642|2642
32|003|002643|2643|2643
32|003|002644|2644|2644
32|003|002645|2645|2645
32|003|002646|2646|2646
32|003|002650|2650|2650
32|003|002651|2651|2651
32|003|002652|2652|2652
32|003|002653|2653|2653
32|003|002654|2654|2654
32|003|002655|2655|2655
32|003|002660|2660|2660
32|003|002661|2661|2661
32|003|002662|2662|2662
32|003|002663|2663|2663
32|003|002664|2664|2664
32|003|002665|2665|2665
32|003|002666|2666|2666
32|003|002671|2671|2671
32|003|002672|2672|2672
32|003|002673|2673|2673
32|003|002674|2674|2674
32|003|002675|2675|2675
32|003|002676|2676|2676
32|003|002681|2681|2681
32|003|002682|2682|2682
32|003|002683|2683|2683
32|003|002684|2684|2684
32|003|002685|2685|2685
32|003|002691|2691|2691
32|003|002692|2692|2692
32|003|002693|2693|2693
32|003|002694|2694|2694
32|003|002695|2695|2695
32|003|002696|2696|2696
32|003|002700|2700|2700
32|003|002701|2701|2701
32|003|002702|2702|2702
32|003|002703|2703|2703
32|003|002704|2704|2704
32|003|002705|2705|2705
32|003|002706|2706|2706
32|003|002709|2709|2709
32|003|002710|2710|2710
32|003|002711|2711|2711
32|003|002713|2713|2713
32|003|002714|2714|2714
32|003|002715|2715|2715
32|003|002716|2716|2716
32|003|002717|2717|2717
32|003|002720|2720|2720
32|003|002721|2721|2721
32|003|002722|2722|2722
32|003|002723|2723|2723
32|003|002724|2724|2724
32|003|002725|2725|2725
32|003|002726|2726|2726
32|003|002727|2727|2727
32|003|002729|2729|2729
32|003|002730|2730|2730
32|003|002731|2731|2731
32|003|002732|2732|2732
32|003|002733|2733|2733
32|003|002734|2734|2734
32|003|002735|2735|2735
32|003|002736|2736|2736
32|003|002737|2737|2737
32|003|002738|2738|2738
32|003|002740|2740|2740
32|003|002742|2742|2742
32|003|002743|2743|2743
32|003|002745|2745|2745
32|003|002746|2746|2746
32|003|002751|2751|2751
32|003|002752|2752|2752
32|003|002770|2770|2770
32|003|002775|2775|2775
32|003|002776|2776|2776
32|003|002904|2904|2904
32|003|002906|2906|2906
32|003|002907|2907|2907
32|003|002911|2911|2911
32|003|002914|2914|2914
32|003|002916|2916|2916
32|003|002917|2917|2917
32|003|002919|2919|2919
32|003|002920|2920|2920
32|003|002927|2927|2927
32|003|002930|2930|2930
32|003|002931|2931|2931
32|003|002934|2934|2934
32|003|002938|2938|2938
32|003|002946|2946|2946
32|003|002948|2948|2948
32|003|002949|2949|2949
32|003|002951|2951|2951
32|003|002957|2957|2957
32|003|002959|2959|2959
32|003|002961|2961|2961
32|003|002962|2962|2962
32|003|002969|2969|2969
32|003|002970|2970|2970
32|003|002971|2971|2971
32|003|002972|2972|2972
32|003|002973|2973|2973
32|003|002974|2974|2974
32|003|002975|2975|2975
32|003|002976|2976|2976
32|003|002977|2977|2977
32|003|002978|2978|2978
32|003|002979|2979|2979
32|003|003036|3036|3036
32|003|003037|3037|3037
32|003|003040|3040|3040
32|003|003151|3151|3151
32|003|003152|3152|3152
32|003|003191|3191|3191
32|003|003217|3217|3217
32|003|003361|3361|3361
32|003|003363|3363|3363
32|003|003364|3364|3364
32|003|003365|3365|3365
32|003|003366|3366|3366
32|003|003370|3370|3370
32|003|003371|3371|3371
32|003|003372|3372|3372
32|003|003373|3373|3373
32|003|003374|3374|3374
32|003|003375|3375|3375
32|003|003380|3380|3380
32|003|003381|3381|3381
32|003|003382|3382|3382
32|003|003383|3383|3383
32|003|003385|3385|3385
32|003|003386|3386|3386
32|003|003391|3391|3391
32|003|003392|3392|3392
32|003|003393|3393|3393
32|003|003395|3395|3395
32|003|003413|3413|3413
32|003|003414|3414|3414
32|003|003416|3416|3416
32|003|003417|3417|3417
32|003|003418|3418|3418
32|003|003430|3430|3430
32|003|003431|3431|3431
32|003|003433|3433|3433
32|003|003435|3435|3435
32|003|003439|3439|3439
32|003|003457|3457|3457
32|003|003464|3464|3464
32|003|003465|3465|3465
32|003|003518|3518|3518
32|003|003532|3532|3532
32|003|003535|3535|3535
32|003|003537|3537|3537
32|003|003540|3540|3540
32|003|003544|3544|3544
32|003|003545|3545|3545
32|003|003546|3546|3546
32|003|003547|3547|3547
32|003|003552|3552|3552
32|003|003553|3553|3553
32|003|003557|3557|3557
32|003|003559|3559|3559
32|003|003562|3562|3562
32|003|003564|3564|3564
32|003|003565|3565|3565
32|003|003566|3566|3566
32|003|003571|3571|3571
32|003|003574|3574|3574
32|003|003576|3576|3576
32|003|003578|3578|3578
32|003|003579|3579|3579
32|003|003580|3580|3580
32|003|003581|3581|3581
32|003|003582|3582|3582
32|003|003583|3583|3583
32|003|003584|3584|3584
32|003|003585|3585|3585
32|003|003586|3586|3586
32|003|003587|3587|3587
32|003|003588|3588|3588
32|003|003602|3602|3602
32|003|003604|3604|3604
32|003|003605|3605|3605
32|003|003606|3606|3606
32|003|003607|3607|3607
32|003|003608|3608|3608
32|003|003609|3609|3609
32|003|003610|3610|3610
32|003|003611|3611|3611
32|003|003612|3612|3612
32|003|003613|3613|3613
32|003|003700|3700|3700
32|003|003701|3701|3701
32|003|003702|3702|3702
32|003|003703|3703|3703
32|003|003704|3704|3704
32|003|003705|3705|3705
32|003|003706|3706|3706
32|003|003707|3707|3707
32|003|003708|3708|3708
32|003|003709|3709|3709
32|003|003710|3710|3710
32|003|003711|3711|3711
32|003|003712|3712|3712
32|003|003713|3713|3713
32|003|003714|3714|3714
32|003|003715|3715|3715
32|003|003716|3716|3716
32|003|003717|3717|3717
32|003|003718|3718|3718
32|003|003719|3719|3719
32|003|003720|3720|3720
32|003|003721|3721|3721
32|003|003722|3722|3722
32|003|003723|3723|3723
32|003|003724|3724|3724
32|003|003725|3725|3725
32|003|003726|3726|3726
32|003|003727|3727|3727
32|003|003728|3728|3728
32|003|003729|3729|3729
32|003|003730|3730|3730
32|003|003731|3731|3731
32|003|003732|3732|3732
32|003|003733|3733|3733
32|003|003734|3734|3734
32|003|003735|3735|3735
32|003|003736|3736|3736
32|003|003737|3737|3737
32|003|003738|3738|3738
32|003|003739|3739|3739
32|003|003740|3740|3740
32|003|003741|3741|3741
32|003|003742|3742|3742
32|003|003743|3743|3743
32|003|003744|3744|3744
32|003|003745|3745|3745
32|003|003746|3746|3746
32|003|003747|3747|3747
32|003|003748|3748|3748
32|003|003749|3749|3749
32|003|003750|3750|3750
32|003|003751|3751|3751
32|003|003752|3752|3752
32|003|003753|3753|3753
32|003|003754|3754|3754
32|003|003755|3755|3755
32|003|003756|3756|3756
32|003|003757|3757|3757
32|003|003758|3758|3758
32|003|003759|3759|3759
32|003|003760|3760|3760
32|003|003761|3761|3761
32|003|003762|3762|3762
32|003|003763|3763|3763
32|003|003764|3764|3764
32|003|003765|3765|3765
32|003|003766|3766|3766
32|003|003767|3767|3767
32|003|003768|3768|3768
32|003|003769|3769|3769
32|003|003770|3770|3770
32|003|003771|3771|3771
32|003|003772|3772|3772
32|003|003773|3773|3773
32|003|003774|3774|3774
32|003|003775|3775|3775
32|003|003776|3776|3776
32|003|003777|3777|3777
32|003|003778|3778|3778
32|003|003779|3779|3779
32|003|003780|3780|3780
32|003|003782|3782|3782
32|003|003783|3783|3783
32|003|003784|3784|3784
32|003|003785|3785|3785
32|003|003786|3786|3786
32|003|003787|3787|3787
32|003|003788|3788|3788
32|003|003789|3789|3789
32|003|003790|3790|3790
32|003|003791|3791|3791
32|003|003792|3792|3792
32|003|003794|3794|3794
32|003|003795|3795|3795
32|003|003796|3796|3796
32|003|003800|3800|3800
32|003|003801|3801|3801
32|003|003802|3802|3802
32|003|003803|3803|3803
32|003|003804|3804|3804
32|003|003805|3805|3805
32|003|003806|3806|3806
32|003|003807|3807|3807
32|003|003808|3808|3808
32|003|003809|3809|3809
32|003|003811|3811|3811
32|003|003812|3812|3812
32|003|003813|3813|3813
32|003|003814|3814|3814
32|003|003815|3815|3815
32|003|003821|3821|3821
32|003|003822|3822|3822
32|003|003823|3823|3823
32|003|003824|3824|3824
32|003|003825|3825|3825
32|003|003826|3826|3826
32|003|003831|3831|3831
32|003|003832|3832|3832
32|003|003833|3833|3833
32|003|003834|3834|3834
32|003|003841|3841|3841
32|003|003842|3842|3842
32|003|003843|3843|3843
32|003|003844|3844|3844
32|003|003845|3845|3845
32|003|003851|3851|3851
32|003|003852|3852|3852
32|003|003853|3853|3853
32|003|003854|3854|3854
32|003|003855|3855|3855
32|003|003863|3863|3863
32|003|003864|3864|3864
32|003|003866|3866|3866
32|003|003875|3875|3875
32|003|003881|3881|3881
32|003|003902|3902|3902
32|003|003904|3904|3904
32|003|003905|3905|3905
32|003|003906|3906|3906
32|003|003907|3907|3907
32|003|003908|3908|3908
32|003|003909|3909|3909
32|003|003910|3910|3910
32|003|003912|3912|3912
32|003|003914|3914|3914
32|003|003915|3915|3915
32|003|003917|3917|3917
32|003|003938|3938|3938
32|003|003964|3964|3964
32|003|003979|3979|3979
32|003|003981|3981|3981
32|003|003982|3982|3982
32|003|003984|3984|3984
32|003|003985|3985|3985
32|003|003988|3988|3988
32|003|003989|3989|3989
32|003|003990|3990|3990
32|003|003991|3991|3991
32|003|003992|3992|3992
32|003|003993|3993|3993
32|003|003994|3994|3994
32|003|003995|3995|3995
32|003|004017|4017|4017
32|003|004028|4028|4028
32|003|004066|4066|4066
32|003|004069|4069|4069
32|003|004073|4073|4073
32|003|004075|4075|4075
32|003|004076|4076|4076
32|003|004304|4304|4304
32|003|004305|4305|4305
32|003|004306|4306|4306
32|003|004307|4307|4307
32|003|004309|4309|4309
32|003|004310|4310|4310
32|003|004381|4381|4381
32|003|004384|4384|4384
32|003|004387|4387|4387
32|003|004415|4415|4415
32|003|004434|4434|4434
32|003|004454|4454|4454
32|003|004461|4461|4461
32|003|004463|4463|4463
32|003|004467|4467|4467
32|003|004500|4500|4500
32|003|004501|4501|4501
32|003|004502|4502|4502
32|003|004504|4504|4504
32|003|004505|4505|4505
32|003|004506|4506|4506
32|003|004507|4507|4507
32|003|004508|4508|4508
32|003|004510|4510|4510
32|003|004511|4511|4511
32|003|004512|4512|4512
32|003|004513|4513|4513
32|003|004514|4514|4514
32|003|004522|4522|4522
32|003|004523|4523|4523
32|003|004525|4525|4525
32|003|004526|4526|4526
32|003|004527|4527|4527
32|003|004528|4528|4528
32|003|004529|4529|4529
32|003|004530|4530|4530
32|003|004531|4531|4531
32|003|004532|4532|4532
32|003|004535|4535|4535
32|003|004536|4536|4536
32|003|004540|4540|4540
32|003|004541|4541|4541
32|003|004543|4543|4543
32|003|004546|4546|4546
32|003|004547|4547|4547
32|003|004548|4548|4548
32|003|004549|4549|4549
32|003|004550|4550|4550
32|003|004551|4551|4551
32|003|004552|4552|4552
32|003|004553|4553|4553
32|003|004554|4554|4554
32|003|004555|4555|4555
32|003|004556|4556|4556
32|003|004557|4557|4557
32|003|004559|4559|4559
32|003|004560|4560|4560
32|003|004561|4561|4561
32|003|004562|4562|4562
32|003|004563|4563|4563
32|003|004564|4564|4564
32|003|004565|4565|4565
32|003|004566|4566|4566
32|003|004567|4567|4567
32|003|004568|4568|4568
32|003|004569|4569|4569
32|003|004571|4571|4571
32|003|004572|4572|4572
32|003|004573|4573|4573
32|003|004574|4574|4574
32|003|004577|4577|4577
32|003|004581|4581|4581
32|003|004582|4582|4582
32|003|004583|4583|4583
32|003|004584|4584|4584
32|003|004585|4585|4585
32|003|004586|4586|4586
32|003|004590|4590|4590
32|003|004591|4591|4591
32|003|004592|4592|4592
32|003|004593|4593|4593
32|003|004594|4594|4594
32|003|004596|4596|4596
32|003|004597|4597|4597
32|003|004598|4598|4598
32|003|004599|4599|4599
32|003|004601|4601|4601
32|003|004602|4602|4602
32|003|004603|4603|4603
32|003|004604|4604|4604
32|003|004605|4605|4605
32|003|004606|4606|4606
32|003|004611|4611|4611
32|003|004612|4612|4612
32|003|004613|4613|4613
32|003|004614|4614|4614
32|003|004615|4615|4615
32|003|004616|4616|4616
32|003|004621|4621|4621
32|003|004623|4623|4623
32|003|004633|4633|4633
32|003|004634|4634|4634
32|003|004635|4635|4635
32|003|004636|4636|4636
32|003|004637|4637|4637
32|003|004638|4638|4638
32|003|004641|4641|4641
32|003|004642|4642|4642
32|003|004643|4643|4643
32|003|004645|4645|4645
32|003|004650|4650|4650
32|003|004651|4651|4651
32|003|004652|4652|4652
32|003|004902|4902|4902
32|003|004903|4903|4903
32|003|005003|5003|5003
32|003|005014|5014|5014
32|003|005029|5029|5029
32|003|005034|5034|5034
32|003|005036|5036|5036
32|003|005047|5047|5047
32|003|005056|5056|5056
32|003|005323|5323|5323
32|003|005324|5324|5324
32|003|005326|5326|5326
32|003|005330|5330|5330
32|003|005332|5332|5332
32|003|005333|5333|5333
32|003|005350|5350|5350
32|003|005356|5356|5356
32|003|005372|5372|5372
32|003|005384|5384|5384
32|003|005390|5390|5390
32|003|005393|5393|5393
32|003|005394|5394|5394
32|003|005395|5395|5395
32|003|005396|5396|5396
32|003|005397|5397|5397
32|003|005400|5400|5400
32|003|005403|5403|5403
32|003|005404|5404|5404
32|003|005405|5405|5405
32|003|005410|5410|5410
32|003|005412|5412|5412
32|003|005413|5413|5413
32|003|005417|5417|5417
32|003|005425|5425|5425
32|003|005430|5430|5430
32|003|005500|5500|5500
32|003|005501|5501|5501
32|003|005502|5502|5502
32|003|005503|5503|5503
32|003|005504|5504|5504
32|003|005505|5505|5505
32|003|005506|5506|5506
32|003|005511|5511|5511
32|003|005512|5512|5512
32|003|005513|5513|5513
32|003|005515|5515|5515
32|003|005521|5521|5521
32|003|005522|5522|5522
32|003|005523|5523|5523
32|003|005524|5524|5524
32|003|005525|5525|5525
32|003|005531|5531|5531
32|003|005532|5532|5532
32|003|005533|5533|5533
32|003|005534|5534|5534
32|003|005535|5535|5535
32|003|005536|5536|5536
32|003|005537|5537|5537
32|003|005541|5541|5541
32|003|005542|5542|5542
32|003|005543|5543|5543
32|003|005544|5544|5544
32|003|005545|5545|5545
32|003|005552|5552|5552
32|003|005553|5553|5553
32|003|005554|5554|5554
32|003|005555|5555|5555
32|003|005560|5560|5560
32|003|005561|5561|5561
32|003|005562|5562|5562
32|003|005563|5563|5563
32|003|005564|5564|5564
32|003|005565|5565|5565
32|003|005566|5566|5566
32|003|005567|5567|5567
32|003|005568|5568|5568
32|003|005569|5569|5569
32|003|005570|5570|5570
32|003|005571|5571|5571
32|003|005572|5572|5572
32|003|005573|5573|5573
32|003|005574|5574|5574
32|003|005575|5575|5575
32|003|005576|5576|5576
32|003|005577|5577|5577
32|003|005578|5578|5578
32|003|005579|5579|5579
32|003|005580|5580|5580
32|003|005581|5581|5581
32|003|005582|5582|5582
32|003|005583|5583|5583
32|003|005584|5584|5584
32|003|005585|5585|5585
32|003|005586|5586|5586
32|003|005587|5587|5587
32|003|005588|5588|5588
32|003|005589|5589|5589
32|003|005590|5590|5590
32|003|005591|5591|5591
32|003|005592|5592|5592
32|003|005593|5593|5593
32|003|005594|5594|5594
32|003|005595|5595|5595
32|003|005596|5596|5596
32|003|005597|5597|5597
32|003|005598|5598|5598
32|003|005599|5599|5599
32|003|005601|5601|5601
32|003|005603|5603|5603
32|003|005604|5604|5604
32|003|005612|5612|5612
32|003|005613|5613|5613
32|003|005614|5614|5614
32|003|005615|5615|5615
32|003|005616|5616|5616
32|003|005617|5617|5617
32|003|005620|5620|5620
32|003|005621|5621|5621
32|003|005622|5622|5622
32|003|005623|5623|5623
32|003|005624|5624|5624
32|003|005625|5625|5625
32|003|005631|5631|5631
32|003|005632|5632|5632
32|003|005633|5633|5633
32|003|005634|5634|5634
32|003|005635|5635|5635
32|003|005636|5636|5636
32|003|005641|5641|5641
32|003|005642|5642|5642
32|003|005643|5643|5643
32|003|005644|5644|5644
32|003|005649|5649|5649
32|003|005650|5650|5650
32|003|005651|5651|5651
32|003|005652|5652|5652
32|003|005653|5653|5653
32|003|005654|5654|5654
32|003|005655|5655|5655
32|003|005903|5903|5903
32|003|005904|5904|5904
32|003|005905|5905|5905
32|003|005906|5906|5906
32|003|006040|6040|6040
32|003|006057|6057|6057
32|003|006062|6062|6062
32|003|006066|6066|6066
32|003|006109|6109|6109
32|003|006362|6362|6362
32|003|006424|6424|6424
32|003|006431|6431|6431
32|003|006434|6434|6434
32|003|006440|6440|6440
32|003|006463|6463|6463
32|003|006467|6467|6467
32|003|006468|6468|6468
32|003|006469|6469|6469
32|003|006470|6470|6470
32|003|006471|6471|6471
32|003|006475|6475|6475
32|003|006477|6477|6477
32|003|006484|6484|6484
32|003|006486|6486|6486
32|003|006487|6487|6487
32|003|006488|6488|6488
32|003|006490|6490|6490
32|003|006492|6492|6492
32|003|006493|6493|6493
32|003|006494|6494|6494
32|003|006496|6496|6496
32|003|006497|6497|6497
32|003|006498|6498|6498
32|003|006499|6499|6499
32|003|006500|6500|6500
32|003|006512|6512|6512
32|003|006513|6513|6513
32|003|006514|6514|6514
32|003|006515|6515|6515
32|003|006517|6517|6517
32|003|006520|6520|6520
32|003|006521|6521|6521
32|003|006522|6522|6522
32|003|006526|6526|6526
32|003|006527|6527|6527
32|003|006530|6530|6530
32|003|006531|6531|6531
32|003|006533|6533|6533
32|003|006538|6538|6538
32|003|006539|6539|6539
32|003|006540|6540|6540
32|003|006544|6544|6544
32|003|006545|6545|6545
32|003|006547|6547|6547
32|003|006548|6548|6548
32|003|006549|6549|6549
32|003|006600|6600|6600
32|003|006601|6601|6601
32|003|006602|6602|6602
32|003|006604|6604|6604
32|003|006605|6605|6605
32|003|006606|6606|6606
32|003|006607|6607|6607
32|003|006608|6608|6608
32|003|006609|6609|6609
32|003|006610|6610|6610
32|003|006611|6611|6611
32|003|006612|6612|6612
32|003|006613|6613|6613
32|003|006614|6614|6614
32|003|006615|6615|6615
32|003|006617|6617|6617
32|003|006621|6621|6621
32|003|006622|6622|6622
32|003|006625|6625|6625
32|003|006631|6631|6631
32|003|006632|6632|6632
32|003|006633|6633|6633
32|003|006634|6634|6634
32|003|006635|6635|6635
32|003|006642|6642|6642
32|003|006643|6643|6643
32|003|006644|6644|6644
32|003|006645|6645|6645
32|003|006648|6648|6648
32|003|006649|6649|6649
32|003|006651|6651|6651
32|003|006652|6652|6652
32|003|006653|6653|6653
32|003|006654|6654|6654
32|003|006655|6655|6655
32|003|006656|6656|6656
32|003|006657|6657|6657
32|003|006658|6658|6658
32|003|006661|6661|6661
32|003|006662|6662|6662
32|003|006663|6663|6663
32|003|006664|6664|6664
32|003|006665|6665|6665
32|003|006666|6666|6666
32|003|006667|6667|6667
32|003|006671|6671|6671
32|003|006672|6672|6672
32|003|006673|6673|6673
32|003|006674|6674|6674
32|003|006675|6675|6675
32|003|006681|6681|6681
32|003|006683|6683|6683
32|003|006684|6684|6684
32|003|006685|6685|6685
32|003|006686|6686|6686
32|003|006691|6691|6691
32|003|006692|6692|6692
32|003|006693|6693|6693
32|003|006694|6694|6694
32|003|006695|6695|6695
32|003|006700|6700|6700
32|003|006701|6701|6701
32|003|006702|6702|6702
32|003|006703|6703|6703
32|003|006704|6704|6704
32|003|006705|6705|6705
32|003|006706|6706|6706
32|003|006707|6707|6707
32|003|006708|6708|6708
32|003|006709|6709|6709
32|003|006710|6710|6710
32|003|006711|6711|6711
32|003|006712|6712|6712
32|003|006713|6713|6713
32|003|006714|6714|6714
32|003|006715|6715|6715
32|003|006716|6716|6716
32|003|006717|6717|6717
32|003|006718|6718|6718
32|003|006719|6719|6719
32|003|006720|6720|6720
32|003|006721|6721|6721
32|003|006722|6722|6722
32|003|006723|6723|6723
32|003|006724|6724|6724
32|003|006725|6725|6725
32|003|006726|6726|6726
32|003|006727|6727|6727
32|003|006728|6728|6728
32|003|006729|6729|6729
32|003|006730|6730|6730
32|003|006731|6731|6731
32|003|006732|6732|6732
32|003|006733|6733|6733
32|003|006734|6734|6734
32|003|006735|6735|6735
32|003|006736|6736|6736
32|003|006737|6737|6737
32|003|006738|6738|6738
32|003|006739|6739|6739
32|003|006740|6740|6740
32|003|006750|6750|6750
32|003|006751|6751|6751
32|003|006752|6752|6752
32|003|006753|6753|6753
32|003|006914|6914|6914
32|003|007012|7012|7012
32|003|007047|7047|7047
32|003|007048|7048|7048
32|003|007049|7049|7049
32|003|007050|7050|7050
32|003|007054|7054|7054
32|003|007079|7079|7079
32|003|007097|7097|7097
32|003|007311|7311|7311
32|003|007312|7312|7312
32|003|007332|7332|7332
32|003|007334|7334|7334
32|003|007341|7341|7341
32|003|007351|7351|7351
32|003|007352|7352|7352
32|003|007354|7354|7354
32|003|007355|7355|7355
32|003|007356|7356|7356
32|003|007357|7357|7357
32|003|007358|7358|7358
32|003|007359|7359|7359
32|003|007360|7360|7360
32|003|007361|7361|7361
32|003|007366|7366|7366
32|003|007387|7387|7387
32|003|007395|7395|7395
32|003|007402|7402|7402
32|003|007403|7403|7403
32|003|007405|7405|7405
32|003|007410|7410|7410
32|003|007411|7411|7411
32|003|007413|7413|7413
32|003|007414|7414|7414
32|003|007415|7415|7415
32|003|007416|7416|7416
32|003|007417|7417|7417
32|003|007422|7422|7422
32|003|007430|7430|7430
32|003|007500|7500|7500
32|003|007501|7501|7501
32|003|007502|7502|7502
32|003|007503|7503|7503
32|003|007504|7504|7504
32|003|007505|7505|7505
32|003|007506|7506|7506
32|003|007507|7507|7507
32|003|007508|7508|7508
32|003|007509|7509|7509
32|003|007511|7511|7511
32|003|007512|7512|7512
32|003|007513|7513|7513
32|003|007514|7514|7514
32|003|007515|7515|7515
32|003|007521|7521|7521
32|003|007522|7522|7522
32|003|007523|7523|7523
32|003|007524|7524|7524
32|003|007525|7525|7525
32|003|007526|7526|7526
32|003|007527|7527|7527
32|003|007528|7528|7528
32|003|007529|7529|7529
32|003|007530|7530|7530
32|003|007531|7531|7531
32|003|007532|7532|7532
32|003|007533|7533|7533
32|003|007534|7534|7534
32|003|007535|7535|7535
32|003|007536|7536|7536
32|003|007541|7541|7541
32|003|007542|7542|7542
32|003|007543|7543|7543
32|003|007545|7545|7545
32|003|007550|7550|7550
32|003|007551|7551|7551
32|003|007552|7552|7552
32|003|007553|7553|7553
32|003|007554|7554|7554
32|003|007555|7555|7555
32|003|007561|7561|7561
32|003|007562|7562|7562
32|003|007563|7563|7563
32|003|007564|7564|7564
32|003|007569|7569|7569
32|003|007570|7570|7570
32|003|007571|7571|7571
32|003|007572|7572|7572
32|003|007573|7573|7573
32|003|007574|7574|7574
32|003|007575|7575|7575
32|003|007581|7581|7581
32|003|007582|7582|7582
32|003|007583|7583|7583
32|003|007584|7584|7584
32|003|007585|7585|7585
32|003|007590|7590|7590
32|003|007591|7591|7591
32|003|007592|7592|7592
32|003|007593|7593|7593
32|003|007594|7594|7594
32|003|007595|7595|7595
32|003|007596|7596|7596
32|003|007601|7601|7601
32|003|007602|7602|7602
32|003|007603|7603|7603
32|003|007604|7604|7604
32|003|007605|7605|7605
32|003|007611|7611|7611
32|003|007612|7612|7612
32|003|007613|7613|7613
32|003|007614|7614|7614
32|003|007615|7615|7615
32|003|007622|7622|7622
32|003|007623|7623|7623
32|003|007624|7624|7624
32|003|007625|7625|7625
32|003|007631|7631|7631
32|003|007632|7632|7632
32|003|007633|7633|7633
32|003|007634|7634|7634
32|003|007635|7635|7635
32|003|007641|7641|7641
32|003|007642|7642|7642
32|003|007643|7643|7643
32|003|007644|7644|7644
32|003|007645|7645|7645
32|003|007651|7651|7651
32|003|007652|7652|7652
32|003|007653|7653|7653
32|003|007654|7654|7654
32|003|007661|7661|7661
32|003|007662|7662|7662
32|003|007663|7663|7663
32|003|007664|7664|7664
32|003|007665|7665|7665
32|003|007671|7671|7671
32|003|007672|7672|7672
32|003|007674|7674|7674
32|003|007675|7675|7675
32|003|007681|7681|7681
32|003|007682|7682|7682
32|003|007683|7683|7683
32|003|007684|7684|7684
32|003|007685|7685|7685
32|003|007691|7691|7691
32|003|007692|7692|7692
32|003|007693|7693|7693
32|003|007694|7694|7694
32|003|007695|7695|7695
32|003|007701|7701|7701
32|003|007702|7702|7702
32|003|007703|7703|7703
32|003|007704|7704|7704
32|003|007705|7705|7705
32|003|007706|7706|7706
32|003|007707|7707|7707
32|003|007712|7712|7712
32|003|007713|7713|7713
32|003|007714|7714|7714
32|003|007715|7715|7715
32|003|007720|7720|7720
32|003|007722|7722|7722
32|003|007723|7723|7723
32|003|007724|7724|7724
32|003|007726|7726|7726
32|003|007730|7730|7730
32|003|007731|7731|7731
32|003|007732|7732|7732
32|003|007733|7733|7733
32|003|007734|7734|7734
32|003|007743|7743|7743
32|003|007745|7745|7745
32|003|007906|7906|7906
32|003|007908|7908|7908
32|003|007910|7910|7910
32|003|007912|7912|7912
32|003|007920|7920|7920
32|003|007923|7923|7923
32|003|007926|7926|7926
32|005|000001|Precinct 1 - Centerville|Precinct 1 - Centerville
32|005|000002|Precinct 2 - Fish Springs|Precinct 2 - Fish Springs
32|005|000003|Precinct 3 - Gardnerville|Precinct 3 - Gardnerville
32|005|000004|Precinct 4 - Carson Valley Estates|Precinct 4 - Carson Valley Estates
32|005|000005|Precinct 5 - Genoa|Precinct 5 - Genoa
32|005|000006|Precinct 6 - Jacks Valley|Precinct 6 - Jacks Valley
32|005|000007|Precinct 7 - Minden|Precinct 7 - Minden
32|005|000008|Precinct 8 - Ranchos I|Precinct 8 - Ranchos I
32|005|000009|Precinct 9 - Ranchos II|Precinct 9 - Ranchos II
32|005|000010|Precinct 10 - Topaz Ranch Estates|Precinct 10 - Topaz Ranch Estates
32|005|000011|Precinct 11 - Johnson Lane|Precinct 11 - Johnson Lane
32|005|000012|Precinct 12 - Dresslerville|Precinct 12 - Dresslerville
32|005|000013|Precinct 13 - Indian Hills West|Precinct 13 - Indian Hills West
32|005|000014|Precinct 14 - Pinenut|Precinct 14 - Pinenut
32|005|000015|Precinct 15 - Valley|Precinct 15 - Valley
32|005|000016|Precinct 16 - Mottsville|Precinct 16 - Mottsville
32|005|000017|Precinct 17 - Ruhenstroth|Precinct 17 - Ruhenstroth
32|005|000018|Precinct 18 - Ranchos III|Precinct 18 - Ranchos III
32|005|000019|Precinct 19 - Ranchos IV|Precinct 19 - Ranchos IV
32|005|000020|Precinct 20 - Birch/Ranchos|Precinct 20 - Birch/Ranchos
32|005|000021|Precinct 21 - Wildhorse|Precinct 21 - Wildhorse
32|005|000022|Precinct 22 - Saratoga|Precinct 22 - Saratoga
32|005|000023|Precinct 23 - Indian Hills East|Precinct 23 - Indian Hills East
32|005|000024|Precinct 24 - Topaz Lake|Precinct 24 - Topaz Lake
32|005|000025|Precinct 25 - Pleasantview|Precinct 25 - Pleasantview
32|005|000026|Precinct 26 - Westwood|Precinct 26 - Westwood
32|005|000027|Precinct 27 - Winhaven|Precinct 27 - Winhaven
32|005|000028|Precinct 28 - Orchard Road|Precinct 28 - Orchard Road
32|005|000029|Precinct 29 - Autumn Hills|Precinct 29 - Autumn Hills
32|005|000030|Precinct 30 - East Fork|Precinct 30 - East Fork
32|005|000031|Precinct 31 - Chichester|Precinct 31 - Chichester
32|005|000032|Precinct 32 - East Valley|Precinct 32 - East Valley
32|005|000033|Precinct 33 - Hot Springs|Precinct 33 - Hot Springs
32|005|000034|Precinct 34 - Sunridge|Precinct 34 - Sunridge
32|005|000035|Precinct 35 - Glenbrook|Precinct 35 - Glenbrook
32|005|000036|Precinct 36 - Skyland|Precinct 36 - Skyland
32|005|000037|Precinct 37 - Zephyr Cove|Precinct 37 - Zephyr Cove
32|005|000038|Precinct 38 - Round Hill|Precinct 38 - Round Hill
32|005|000039|Precinct 39 - Edgewood|Precinct 39 - Edgewood
32|005|000040|Precinct 40 - Kingsbury|Precinct 40 - Kingsbury
32|005|000041|Precinct 41 - Daggett|Precinct 41 - Daggett
32|005|ZZZZZZ|Voting Districts Not Defined|Voting Districts Not Defined
32|007|000001|Precinct 1|Precinct 1
32|007|000002|Precinct 2|Precinct 2
32|007|000003|Precinct 3|Precinct 3
32|007|000004|Precinct 4|Precinct 4
32|007|000005|Precinct 5|Precinct 5
32|007|000006|Precinct 6|Precinct 6
32|007|000007|Precinct 7|Precinct 7
32|007|000008|Precinct 8|Precinct 8
32|007|000009|Precinct 9|Precinct 9
32|007|000010|Precinct 10|Precinct 10
32|007|000011|Precinct 11|Precinct 11
32|007|000012|Precinct 12|Precinct 12
32|007|000013|Precinct 13|Precinct 13
32|007|000014|Precinct 14|Precinct 14
32|007|000015|Precinct 15|Precinct 15
32|007|000016|Precinct 16|Precinct 16
32|007|000017|Precinct 17|Precinct 17
32|007|000018|Precinct 18|Precinct 18
32|007|000019|Precinct 19|Precinct 19
32|007|000020|Precinct 20|Precinct 20
32|007|000021|Precinct 21|Precinct 21
32|007|000022|Precinct 22|Precinct 22
32|007|000023|Precinct 23|Precinct 23
32|007|000024|Precinct 24|Precinct 24
32|007|000025|Precinct 25|Precinct 25
32|007|000026|Precinct 26|Precinct 26
32|007|000027|Precinct 27|Precinct 27
32|007|000028|Precinct 28|Precinct 28
32|007|000029|Precinct 29|Precinct 29
32|007|000030|Precinct 30|Precinct 30
32|007|000031|Precinct 31|Precinct 31
32|007|000032|Precinct 32|Precinct 32
32|007|000033|Precinct 33|Precinct 33
32|007|000034|Precinct 34|Precinct 34
32|007|000035|Precinct 35|Precinct 35
32|007|000036|Precinct 36|Precinct 36
32|007|000037|Precinct 37|Precinct 37
32|007|000038|Precinct 38|Precinct 38
32|007|000039|Precinct 39|Precinct 39
32|007|000040|Precinct 40|Precinct 40
32|007|000041|Precinct 41|Precinct 41
32|009|000001|ESMERALDA GOLDFIELD PRECINCT 1|ESMERALDA GOLDFIELD PRECINCT 1
32|009|000002|ESMERALDA SILVER PEAK PRECINCT 2|ESMERALDA SILVER PEAK PRECINCT 2
32|009|000003|ESMERALDA FISH LAKE VALLEY PRECINCT 3|ESMERALDA FISH LAKE VALLEY PRECINCT 3
32|009|000004|ESMERALDA GOLD POINT/LIDA PRECINCT 4|ESMERALDA GOLD POINT/LIDA PRECINCT 4
32|009|000005|ESMERALDA LAMBERTUCCI PRECINCT 5|ESMERALDA LAMBERTUCCI PRECINCT 5
32|011|000001|Precinct 1|Precinct 1
32|011|000002|Precinct 2|Precinct 2
32|011|000003|Precinct 3|Precinct 3
32|011|000004|Precinct 4 Crescent Valley Town|Precinct 4 Crescent Valley Town
32|013|000001|HUMBOLDT WINNEMUCCA PRECINCT 1|HUMBOLDT WINNEMUCCA PRECINCT 1
32|013|000002|HUMBOLDT WINNEMUCCA PRECINCT 2|HUMBOLDT WINNEMUCCA PRECINCT 2
32|013|000003|HUMBOLDT WINNEMUCCA PRECINCT 3|HUMBOLDT WINNEMUCCA PRECINCT 3
32|013|000004|HUMBOLDT WINNEMUCCA PRECINCT 4|HUMBOLDT WINNEMUCCA PRECINCT 4
32|013|000005|HUMBOLDT WINNEMUCCA PRECINCT 5|HUMBOLDT WINNEMUCCA PRECINCT 5
32|013|000006|6|Voting District 6
32|013|000008|8|Voting District 8
32|013|000009|9|Voting District 9
32|013|000010|10|Voting District 10
32|013|000011|11|Voting District 11
32|013|000012|12|Voting District 12
32|013|000013|13|Voting District 13
32|013|000014|HUMBOLDT PRECINCT 14|HUMBOLDT PRECINCT 14
32|013|000015|HUMBOLDT PRECINCT 15|HUMBOLDT PRECINCT 15
32|013|0007-2|HUMBOLDT PRECINCT 7-2|HUMBOLDT PRECINCT 7-2
32|015|000001|Precinct No. 1 - Argenta|Precinct No. 1 - Argenta
32|015|000002|Precinct No. 2 - Argenta|Precinct No. 2 - Argenta
32|015|000003|Precinct No. 3 - Argenta|Precinct No. 3 - Argenta
32|015|000004|Precinct No. 4 - Argenta|Precinct No. 4 - Argenta
32|015|000005|Precinct No. 5 - Argenta|Precinct No. 5 - Argenta
32|015|000006|Precinct No. 6 - Southern Lander County|Precinct No. 6 - Southern Lander County
32|015|000007|Precinct No. 7 - Austin|Precinct No. 7 - Austin
32|015|000008|Precinct No. 8 - Gilman Springs Ranch|Precinct No. 8 - Gilman Springs Ranch
32|015|000009|Precinct No. 9 - Kingston|Precinct No. 9 - Kingston
32|017|000001|Precinct 1 - Alamo|Precinct 1 - Alamo
32|017|000003|Precinct 3 - Panaca|Precinct 3 - Panaca
32|017|000004|Precinct 4 - Pioche|Precinct 4 - Pioche
32|017|000005|Precinct 5 - Rachel|Precinct 5 - Rachel
32|017|000233|Precinct 233|Precinct 233
32|017|000236|Precinct 236|Precinct 236
32|019|000001|East Mason Valley #1|East Mason Valley #1
32|019|000002|East Mason Valley #2|East Mason Valley #2
32|019|000003|West Mason Valley #1|West Mason Valley #1
32|019|000004|West Mason Valley #2|West Mason Valley #2
32|019|000005|West Mason Valley #3|West Mason Valley #3
32|019|000006|Spragg-Plummer|Spragg-Plummer
32|019|000007|Smith Valley #1|Smith Valley #1
32|019|000008|Smith Valley #2|Smith Valley #2
32|019|000009|South Dayton #1|South Dayton #1
32|019|000010|South Dayton #2|South Dayton #2
32|019|000011|South Dayton #3|South Dayton #3
32|019|000012|South Dayton #4|South Dayton #4
32|019|000013|North Dayton #1|North Dayton #1
32|019|000014|North Dayton #2|North Dayton #2
32|019|000015|North Dayton #3|North Dayton #3
32|019|000016|North Dayton #4|North Dayton #4
32|019|000017|North Dayton #5|North Dayton #5
32|019|000018|Mound House #1|Mound House #1
32|019|000019|Mound House #2|Mound House #2
32|019|000020|Silver City|Silver City
32|019|000021|Stagecoach #1|Stagecoach #1
32|019|000022|Stagecoach #2|Stagecoach #2
32|019|000023|Silver Springs #1|Silver Springs #1
32|019|000024|Silver Springs #2|Silver Springs #2
32|019|000025|Silver Springs #3|Silver Springs #3
32|019|000026|Silver Springs #4|Silver Springs #4
32|019|000027|Fernley #1|Fernley #1
32|019|000028|Fernley #2|Fernley #2
32|019|000029|Fernley #3|Fernley #3
32|019|000030|Fernley #4|Fernley #4
32|019|000031|Fernley #5|Fernley #5
32|019|000032|Fernley #6|Fernley #6
32|019|000033|Fernley #7|Fernley #7
32|019|000034|Fernley #8|Fernley #8
32|019|000035|Fernley #9|Fernley #9
32|019|000036|Fernley #10|Fernley #10
32|019|000037|Fernley #11|Fernley #11
32|019|000038|Fernley #12|Fernley #12
32|019|000039|Fernley #13|Fernley #13
32|019|000040|Fernley #14|Fernley #14
32|021|000001|HAWTHORNE PRECINCT 1|HAWTHORNE PRECINCT 1
32|021|000002|HAWTHORNE PRECINCT 2|HAWTHORNE PRECINCT 2
32|021|000003|HAWTHORNE PRECINCT 3|HAWTHORNE PRECINCT 3
32|021|000004|HAWTHORNE PRECINCT 4|HAWTHORNE PRECINCT 4
32|021|000005|HAWTHORNE PRECINCT 5|HAWTHORNE PRECINCT 5
32|021|000006|HAWTHORNE PRECINCT 6|HAWTHORNE PRECINCT 6
32|021|000007|HAWTHORNE RURAL PRECINCT 7|HAWTHORNE RURAL PRECINCT 7
32|021|000008|LUNING PRECINCT 8|LUNING PRECINCT 8
32|021|000009|MINA PRECINCT 9|MINA PRECINCT 9
32|021|000010|MONTGOMERY PASS PRECINCT 10|MONTGOMERY PASS PRECINCT 10
32|021|000011|SCHURZ PRECINCT 11|SCHURZ PRECINCT 11
32|021|000012|WALKER LAKE PRECINCT 12|WALKER LAKE PRECINCT 12
32|023|000001|BEATTY #01|BEATTY #01
32|023|000002|CURRANT CREEK #02|CURRANT CREEK #02
32|023|000003|DUCKWATER #03|DUCKWATER #03
32|023|000004|GABBS #04|GABBS #04
32|023|000005|IONE #05|IONE #05
32|023|000006|AMARGOSA VALLEY #06|AMARGOSA VALLEY #06
32|023|000007|MANHATTAN #07|MANHATTAN #07
32|023|000008|MERCURY #08|MERCURY #08
32|023|000009|PAHRUMP #9|PAHRUMP #9
32|023|000010|PAHRUMP #10|PAHRUMP #10
32|023|000011|PAHRUMP #11|PAHRUMP #11
32|023|000012|ROUND MOUNTAIN #12|ROUND MOUNTAIN #12
32|023|000013|SUNNYSIDE #13|SUNNYSIDE #13
32|023|000014|TONOPAH #14|TONOPAH #14
32|023|000015|TONOPAH #15|TONOPAH #15
32|023|000016|PAHRUMP #16|PAHRUMP #16
32|023|000017|PAHRUMP #17|PAHRUMP #17
32|023|000018|FORTY BAR #18|FORTY BAR #18
32|023|000019|PAHRUMP #19|PAHRUMP #19
32|023|000020|PAHRUMP #20|PAHRUMP #20
32|023|000021|PAHRUMP #21|PAHRUMP #21
32|023|000022|PAHRUMP #22|PAHRUMP #22
32|023|000023|PAHRUMP #23|PAHRUMP #23
32|023|000024|PAHRUMP #24|PAHRUMP #24
32|023|000025|PAHRUMP #25|PAHRUMP #25
32|023|000026|PAHRUMP #26|PAHRUMP #26
32|023|000027|PAHRUMP #27|PAHRUMP #27
32|023|000028|PAHRUMP #28|PAHRUMP #28
32|023|000029|PAHRUMP #29|PAHRUMP #29
32|023|000030|PAHRUMP #30|PAHRUMP #30
32|023|000031|PAHRUMP #31|PAHRUMP #31
32|023|000032|PAHRUMP #32|PAHRUMP #32
32|023|000035|SMOKY VALLEY #35|SMOKY VALLEY #35
32|027|000001|Precinct 1|Precinct 1
32|027|000003|Precinct 3|Precinct 3
32|027|000004|Precinct 4|Precinct 4
32|027|000005|Precinct 5 Imlay|Precinct 5 Imlay
32|027|000006|Precinct 6|Precinct 6
32|027|000007|Precinct 7|Precinct 7
32|029|000001|Precinct 1|Precinct 1
32|029|000002|Precinct 2|Precinct 2
32|029|000003|Precinct 3|Precinct 3
32|029|000004|Precinct 4|Precinct 4
32|029|000005|Precinct 5|Precinct 5
32|029|000006|Precinct 6|Precinct 6
32|029|000007|Precinct 7|Precinct 7
32|029|000008|Precinct 8|Precinct 8
32|029|000009|Precinct 9|Precinct 9
32|029|000010|Precinct 10|Precinct 10
32|029|000011|Precinct 11|Precinct 11
32|029|000012|Precinct 12|Precinct 12
32|029|000013|Precinct 13|Precinct 13
32|029|000014|Precinct 14|Precinct 14
32|029|000015|Precinct 15|Precinct 15
32|031|001000|Precinct No. 1000|Precinct No. 1000
32|031|001002|Precinct No. 1002|Precinct No. 1002
32|031|001003|Precinct No. 1003|Precinct No. 1003
32|031|001005|Precinct No. 1005|Precinct No. 1005
32|031|001006|Precinct No. 1006|Precinct No. 1006
32|031|001007|Precinct No. 1007|Precinct No. 1007
32|031|001008|Precinct No. 1008|Precinct No. 1008
32|031|001010|Precinct No. 1010|Precinct No. 1010
32|031|001011|Precinct No. 1011|Precinct No. 1011
32|031|001012|Precinct No. 1012|Precinct No. 1012
32|031|001014|Precinct No. 1014|Precinct No. 1014
32|031|001015|Precinct No. 1015|Precinct No. 1015
32|031|001016|Precinct No. 1016|Precinct No. 1016
32|031|001018|Precinct No. 1018|Precinct No. 1018
32|031|001020|Precinct No. 1020|Precinct No. 1020
32|031|001022|Precinct No. 1022|Precinct No. 1022
32|031|001023|Precinct No. 1023|Precinct No. 1023
32|031|001024|Precinct No. 1024|Precinct No. 1024
32|031|001026|Precinct No. 1026|Precinct No. 1026
32|031|001027|Precinct No. 1027|Precinct No. 1027
32|031|001029|Precinct No. 1029|Precinct No. 1029
32|031|001031|Precinct No. 1031|Precinct No. 1031
32|031|001032|Precinct No. 1032|Precinct No. 1032
32|031|001033|Precinct No. 1033|Precinct No. 1033
32|031|001035|Precinct No. 1035|Precinct No. 1035
32|031|001036|Precinct No. 1036|Precinct No. 1036
32|031|001038|Precinct No. 1038|Precinct No. 1038
32|031|001039|Precinct No. 1039|Precinct No. 1039
32|031|001040|Precinct No. 1040|Precinct No. 1040
32|031|001043|Precinct No. 1043|Precinct No. 1043
32|031|001044|Precinct No. 1044|Precinct No. 1044
32|031|001045|Precinct No. 1045|Precinct No. 1045
32|031|001046|Precinct No. 1046|Precinct No. 1046
32|031|001047|Precinct No. 1047|Precinct No. 1047
32|031|001050|Precinct No. 1050|Precinct No. 1050
32|031|001051|Precinct No. 1051|Precinct No. 1051
32|031|001053|Precinct No. 1053|Precinct No. 1053
32|031|001055|Precinct No. 1055|Precinct No. 1055
32|031|001056|Precinct No. 1056|Precinct No. 1056
32|031|001057|Precinct No. 1057|Precinct No. 1057
32|031|001058|Precinct No. 1058|Precinct No. 1058
32|031|001059|Precinct No. 1059|Precinct No. 1059
32|031|001061|Precinct No. 1061|Precinct No. 1061
32|031|002000|Precinct No. 2000|Precinct No. 2000
32|031|002002|Precinct No. 2002|Precinct No. 2002
32|031|002004|Precinct No. 2004|Precinct No. 2004
32|031|002006|Precinct No. 2006|Precinct No. 2006
32|031|002007|Precinct No. 2007|Precinct No. 2007
32|031|002009|Precinct No. 2009|Precinct No. 2009
32|031|002010|Precinct No. 2010|Precinct No. 2010
32|031|002013|Precinct No. 2013|Precinct No. 2013
32|031|002016|Precinct No. 2016|Precinct No. 2016
32|031|002017|Precinct No. 2017|Precinct No. 2017
32|031|002018|Precinct No. 2018|Precinct No. 2018
32|031|002019|Precinct No. 2019|Precinct No. 2019
32|031|002020|Precinct No. 2020|Precinct No. 2020
32|031|002021|Precinct No. 2021|Precinct No. 2021
32|031|002022|Precinct No. 2022|Precinct No. 2022
32|031|002023|Precinct No. 2023|Precinct No. 2023
32|031|002025|Precinct No. 2025|Precinct No. 2025
32|031|002026|Precinct No. 2026|Precinct No. 2026
32|031|002027|Precinct No. 2027|Precinct No. 2027
32|031|002028|Precinct No. 2028|Precinct No. 2028
32|031|002029|Precinct No. 2029|Precinct No. 2029
32|031|002030|Precinct No. 2030|Precinct No. 2030
32|031|002031|Precinct No. 2031|Precinct No. 2031
32|031|002032|Precinct No. 2032|Precinct No. 2032
32|031|002033|Precinct No. 2033|Precinct No. 2033
32|031|002034|Precinct No. 2034|Precinct No. 2034
32|031|002035|Precinct No. 2035|Precinct No. 2035
32|031|002036|Precinct No. 2036|Precinct No. 2036
32|031|002037|Precinct No. 2037|Precinct No. 2037
32|031|002039|Precinct No. 2039|Precinct No. 2039
32|031|002040|Precinct No. 2040|Precinct No. 2040
32|031|002041|Precinct No. 2041|Precinct No. 2041
32|031|002042|Precinct No. 2042|Precinct No. 2042
32|031|002043|Precinct No. 2043|Precinct No. 2043
32|031|002047|Precinct No. 2047|Precinct No. 2047
32|031|002048|Precinct No. 2048|Precinct No. 2048
32|031|002049|Precinct No. 2049|Precinct No. 2049
32|031|002050|Precinct No. 2050|Precinct No. 2050
32|031|002051|Precinct No. 2051|Precinct No. 2051
32|031|002057|Precinct No. 2057|Precinct No. 2057
32|031|002058|Precinct No. 2058|Precinct No. 2058
32|031|002060|Precinct No. 2060|Precinct No. 2060
32|031|002062|Precinct No. 2062|Precinct No. 2062
32|031|002064|Precinct No. 2064|Precinct No. 2064
32|031|002065|Precinct No. 2065|Precinct No. 2065
32|031|002068|Precinct No. 2068|Precinct No. 2068
32|031|002070|Precinct No. 2070|Precinct No. 2070
32|031|002073|Precinct No. 2073|Precinct No. 2073
32|031|002074|Precinct No. 2074|Precinct No. 2074
32|031|002078|Precinct No. 2078|Precinct No. 2078
32|031|002080|Precinct No. 2080|Precinct No. 2080
32|031|002081|Precinct No. 2081|Precinct No. 2081
32|031|003001|Precinct No. 3001|Precinct No. 3001
32|031|003002|Precinct No. 3002|Precinct No. 3002
32|031|003003|Precinct No. 3003|Precinct No. 3003
32|031|003004|Precinct No. 3004|Precinct No. 3004
32|031|003005|Precinct No. 3005|Precinct No. 3005
32|031|003006|Precinct No. 3006|Precinct No. 3006
32|031|003007|Precinct No. 3007|Precinct No. 3007
32|031|003008|Precinct No. 3008|Precinct No. 3008
32|031|003009|Precinct No. 3009|Precinct No. 3009
32|031|003010|Precinct No. 3010|Precinct No. 3010
32|031|003011|Precinct No. 3011|Precinct No. 3011
32|031|003012|Precinct No. 3012|Precinct No. 3012
32|031|003013|Precinct No. 3013|Precinct No. 3013
32|031|003014|Precinct No. 3014|Precinct No. 3014
32|031|003015|Precinct No. 3015|Precinct No. 3015
32|031|003016|Precinct No. 3016|Precinct No. 3016
32|031|003017|Precinct No. 3017|Precinct No. 3017
32|031|003018|Precinct No. 3018|Precinct No. 3018
32|031|003019|Precinct No. 3019|Precinct No. 3019
32|031|003020|Precinct No. 3020|Precinct No. 3020
32|031|003021|Precinct No. 3021|Precinct No. 3021
32|031|003022|Precinct No. 3022|Precinct No. 3022
32|031|003023|Precinct No. 3023|Precinct No. 3023
32|031|003024|Precinct No. 3024|Precinct No. 3024
32|031|003025|Precinct No. 3025|Precinct No. 3025
32|031|003026|Precinct No. 3026|Precinct No. 3026
32|031|003027|Precinct No. 3027|Precinct No. 3027
32|031|003028|Precinct No. 3028|Precinct No. 3028
32|031|003029|Precinct No. 3029|Precinct No. 3029
32|031|003030|Precinct No. 3030|Precinct No. 3030
32|031|003031|Precinct No. 3031|Precinct No. 3031
32|031|003032|Precinct No. 3032|Precinct No. 3032
32|031|003035|Precinct No. 3035|Precinct No. 3035
32|031|003036|Precinct No. 3036|Precinct No. 3036
32|031|003038|Precinct No. 3038|Precinct No. 3038
32|031|003039|Precinct No. 3039|Precinct No. 3039
32|031|003040|Precinct No. 3040|Precinct No. 3040
32|031|004000|Precinct No. 4000|Precinct No. 4000
32|031|004003|Precinct No. 4003|Precinct No. 4003
32|031|004005|Precinct No. 4005|Precinct No. 4005
32|031|004007|Precinct No. 4007|Precinct No. 4007
32|031|004009|Precinct No. 4009|Precinct No. 4009
32|031|004012|Precinct No. 4012|Precinct No. 4012
32|031|004014|Precinct No. 4014|Precinct No. 4014
32|031|004015|Precinct No. 4015|Precinct No. 4015
32|031|004016|Precinct No. 4016|Precinct No. 4016
32|031|004017|Precinct No. 4017|Precinct No. 4017
32|031|004018|Precinct No. 4018|Precinct No. 4018
32|031|004019|Precinct No. 4019|Precinct No. 4019
32|031|004020|Precinct No. 4020|Precinct No. 4020
32|031|004021|Precinct No. 4021|Precinct No. 4021
32|031|004022|Precinct No. 4022|Precinct No. 4022
32|031|004023|Precinct No. 4023|Precinct No. 4023
32|031|004024|Precinct No. 4024|Precinct No. 4024
32|031|004025|Precinct No. 4025|Precinct No. 4025
32|031|004026|Precinct No. 4026|Precinct No. 4026
32|031|004029|Precinct No. 4029|Precinct No. 4029
32|031|004032|Precinct No. 4032|Precinct No. 4032
32|031|004033|Precinct No. 4033|Precinct No. 4033
32|031|004035|Precinct No. 4035|Precinct No. 4035
32|031|004036|Precinct No. 4036|Precinct No. 4036
32|031|004037|Precinct No. 4037|Precinct No. 4037
32|031|004038|Precinct No. 4038|Precinct No. 4038
32|031|004039|Precinct No. 4039|Precinct No. 4039
32|031|004040|Precinct No. 4040|Precinct No. 4040
32|031|004041|Precinct No. 4041|Precinct No. 4041
32|031|004042|Precinct No. 4042|Precinct No. 4042
32|031|004043|Precinct No. 4043|Precinct No. 4043
32|031|004045|Precinct No. 4045|Precinct No. 4045
32|031|004046|Precinct No. 4046|Precinct No. 4046
32|031|004047|Precinct No. 4047|Precinct No. 4047
32|031|004051|Precinct No. 4051|Precinct No. 4051
32|031|004052|Precinct No. 4052|Precinct No. 4052
32|031|004053|Precinct No. 4053|Precinct No. 4053
32|031|004054|Precinct No. 4054|Precinct No. 4054
32|031|004055|Precinct No. 4055|Precinct No. 4055
32|031|004056|Precinct No. 4056|Precinct No. 4056
32|031|005000|Precinct No. 5000|Precinct No. 5000
32|031|005003|Precinct No. 5003|Precinct No. 5003
32|031|005005|Precinct No. 5005|Precinct No. 5005
32|031|005006|Precinct No. 5006|Precinct No. 5006
32|031|005007|Precinct No. 5007|Precinct No. 5007
32|031|005008|Precinct No. 5008|Precinct No. 5008
32|031|005009|Precinct No. 5009|Precinct No. 5009
32|031|005010|Precinct No. 5010|Precinct No. 5010
32|031|005011|Precinct No. 5011|Precinct No. 5011
32|031|005012|Precinct No. 5012|Precinct No. 5012
32|031|005014|Precinct No. 5014|Precinct No. 5014
32|031|005015|Precinct No. 5015|Precinct No. 5015
32|031|005016|Precinct No. 5016|Precinct No. 5016
32|031|005018|Precinct No. 5018|Precinct No. 5018
32|031|005020|Precinct No. 5020|Precinct No. 5020
32|031|005022|Precinct No. 5022|Precinct No. 5022
32|031|005023|Precinct No. 5023|Precinct No. 5023
32|031|005024|Precinct No. 5024|Precinct No. 5024
32|031|005026|Precinct No. 5026|Precinct No. 5026
32|031|005027|Precinct No. 5027|Precinct No. 5027
32|031|005030|Precinct No. 5030|Precinct No. 5030
32|031|005031|Precinct No. 5031|Precinct No. 5031
32|031|005032|Precinct No. 5032|Precinct No. 5032
32|031|005033|Precinct No. 5033|Precinct No. 5033
32|031|005034|Precinct No. 5034|Precinct No. 5034
32|031|005035|Precinct No. 5035|Precinct No. 5035
32|031|005036|Precinct No. 5036|Precinct No. 5036
32|031|005039|Precinct No. 5039|Precinct No. 5039
32|031|005040|Precinct No. 5040|Precinct No. 5040
32|031|005041|Precinct No. 5041|Precinct No. 5041
32|031|005045|Precinct No. 5045|Precinct No. 5045
32|031|005046|Precinct No. 5046|Precinct No. 5046
32|031|005047|Precinct No. 5047|Precinct No. 5047
32|031|005048|Precinct No. 5048|Precinct No. 5048
32|031|005049|Precinct No. 5049|Precinct No. 5049
32|031|005051|Precinct No. 5051|Precinct No. 5051
32|031|005053|Precinct No. 5053|Precinct No. 5053
32|031|005054|Precinct No. 5054|Precinct No. 5054
32|031|005056|Precinct No. 5056|Precinct No. 5056
32|031|005061|Precinct No. 5061|Precinct No. 5061
32|031|005062|Precinct No. 5062|Precinct No. 5062
32|031|005063|Precinct No. 5063|Precinct No. 5063
32|031|005064|Precinct No. 5064|Precinct No. 5064
32|031|005065|Precinct No. 5065|Precinct No. 5065
32|031|005066|Precinct No. 5066|Precinct No. 5066
32|031|006100|Precinct No. 6100|Precinct No. 6100
32|031|006101|Precinct No. 6101|Precinct No. 6101
32|031|006104|Precinct No. 6104|Precinct No. 6104
32|031|006105|Precinct No. 6105|Precinct No. 6105
32|031|006106|Precinct No. 6106|Precinct No. 6106
32|031|006107|Precinct No. 6107|Precinct No. 6107
32|031|006108|Precinct No. 6108|Precinct No. 6108
32|031|006109|Precinct No. 6109|Precinct No. 6109
32|031|006110|Precinct No. 6110|Precinct No. 6110
32|031|006111|Precinct No. 6111|Precinct No. 6111
32|031|006113|Precinct No. 6113|Precinct No. 6113
32|031|006114|Precinct No. 6114|Precinct No. 6114
32|031|006115|Precinct No. 6115|Precinct No. 6115
32|031|006202|Precinct No. 6202|Precinct No. 6202
32|031|006203|Precinct No. 6203|Precinct No. 6203
32|031|006205|Precinct No. 6205|Precinct No. 6205
32|031|006206|Precinct No. 6206|Precinct No. 6206
32|031|006207|Precinct No. 6207|Precinct No. 6207
32|031|006208|Precinct No. 6208|Precinct No. 6208
32|031|006209|Precinct No. 6209|Precinct No. 6209
32|031|006210|Precinct No. 6210|Precinct No. 6210
32|031|006211|Precinct No. 6211|Precinct No. 6211
32|031|006212|Precinct No. 6212|Precinct No. 6212
32|031|006213|Precinct No. 6213|Precinct No. 6213
32|031|006214|Precinct No. 6214|Precinct No. 6214
32|031|006216|Precinct No. 6216|Precinct No. 6216
32|031|006217|Precinct No. 6217|Precinct No. 6217
32|031|006218|Precinct No. 6218|Precinct No. 6218
32|031|006300|Precinct No. 6300|Precinct No. 6300
32|031|006301|Precinct No. 6301|Precinct No. 6301
32|031|006302|Precinct No. 6302|Precinct No. 6302
32|031|006303|Precinct No. 6303|Precinct No. 6303
32|031|006306|Precinct No. 6306|Precinct No. 6306
32|031|006307|Precinct No. 6307|Precinct No. 6307
32|031|006308|Precinct No. 6308|Precinct No. 6308
32|031|006310|Precinct No. 6310|Precinct No. 6310
32|031|006311|Precinct No. 6311|Precinct No. 6311
32|031|006313|Precinct No. 6313|Precinct No. 6313
32|031|006314|Precinct No. 6314|Precinct No. 6314
32|031|006317|Precinct No. 6317|Precinct No. 6317
32|031|006318|Precinct No. 6318|Precinct No. 6318
32|031|006319|Precinct No. 6319|Precinct No. 6319
32|031|006320|Precinct No. 6320|Precinct No. 6320
32|031|006400|Precinct No. 6400|Precinct No. 6400
32|031|006403|Precinct No. 6403|Precinct No. 6403
32|031|006405|Precinct No. 6405|Precinct No. 6405
32|031|006411|Precinct No. 6411|Precinct No. 6411
32|031|006413|Precinct No. 6413|Precinct No. 6413
32|031|006414|Precinct No. 6414|Precinct No. 6414
32|031|006415|Precinct No. 6415|Precinct No. 6415
32|031|006416|Precinct No. 6416|Precinct No. 6416
32|031|006418|Precinct No. 6418|Precinct No. 6418
32|031|006422|Precinct No. 6422|Precinct No. 6422
32|031|006423|Precinct No. 6423|Precinct No. 6423
32|031|006425|Precinct No. 6425|Precinct No. 6425
32|031|006427|Precinct No. 6427|Precinct No. 6427
32|031|006500|Precinct No. 6500|Precinct No. 6500
32|031|006501|Precinct No. 6501|Precinct No. 6501
32|031|006503|Precinct No. 6503|Precinct No. 6503
32|031|006508|Precinct No. 6508|Precinct No. 6508
32|031|006511|Precinct No. 6511|Precinct No. 6511
32|031|006513|Precinct No. 6513|Precinct No. 6513
32|031|006514|Precinct No. 6514|Precinct No. 6514
32|031|006516|Precinct No. 6516|Precinct No. 6516
32|031|006519|Precinct No. 6519|Precinct No. 6519
32|031|006520|Precinct No. 6520|Precinct No. 6520
32|031|006521|Precinct No. 6521|Precinct No. 6521
32|031|006522|Precinct No. 6522|Precinct No. 6522
32|031|006523|Precinct No. 6523|Precinct No. 6523
32|031|006524|Precinct No. 6524|Precinct No. 6524
32|031|006525|Precinct No. 6525|Precinct No. 6525
32|031|006526|Precinct No. 6526|Precinct No. 6526
32|031|006527|Precinct No. 6527|Precinct No. 6527
32|031|006528|Precinct No. 6528|Precinct No. 6528
32|031|006529|Precinct No. 6529|Precinct No. 6529
32|031|006530|Precinct No. 6530|Precinct No. 6530
32|031|006531|Precinct No. 6531|Precinct No. 6531
32|031|007100|Precinct No. 7100|Precinct No. 7100
32|031|007300|Precinct No. 7300|Precinct No. 7300
32|031|007302|Precinct No. 7302|Precinct No. 7302
32|031|007304|Precinct No. 7304|Precinct No. 7304
32|031|007306|Precinct No. 7306|Precinct No. 7306
32|031|007307|Precinct No. 7307|Precinct No. 7307
32|031|007308|Precinct No. 7308|Precinct No. 7308
32|031|007309|Precinct No. 7309|Precinct No. 7309
32|031|007312|Precinct No. 7312|Precinct No. 7312
32|031|007313|Precinct No. 7313|Precinct No. 7313
32|031|007314|Precinct No. 7314|Precinct No. 7314
32|031|007315|Precinct No. 7315|Precinct No. 7315
32|031|007316|Precinct No. 7316|Precinct No. 7316
32|031|007317|Precinct No. 7317|Precinct No. 7317
32|031|007318|Precinct No. 7318|Precinct No. 7318
32|031|007319|Precinct No. 7319|Precinct No. 7319
32|031|007321|Precinct No. 7321|Precinct No. 7321
32|031|007400|Precinct No. 7400|Precinct No. 7400
32|031|007402|Precinct No. 7402|Precinct No. 7402
32|031|007403|Precinct No. 7403|Precinct No. 7403
32|031|007404|Precinct No. 7404|Precinct No. 7404
32|031|007406|Precinct No. 7406|Precinct No. 7406
32|031|007407|Precinct No. 7407|Precinct No. 7407
32|031|007408|Precinct No. 7408|Precinct No. 7408
32|031|007410|Precinct No. 7410|Precinct No. 7410
32|031|007412|Precinct No. 7412|Precinct No. 7412
32|031|007413|Precinct No. 7413|Precinct No. 7413
32|031|007414|Precinct No. 7414|Precinct No. 7414
32|031|007415|Precinct No. 7415|Precinct No. 7415
32|031|007416|Precinct No. 7416|Precinct No. 7416
32|031|007417|Precinct No. 7417|Precinct No. 7417
32|031|007418|Precinct No. 7418|Precinct No. 7418
32|031|007424|Precinct No. 7424|Precinct No. 7424
32|031|007425|Precinct No. 7425|Precinct No. 7425
32|031|007426|Precinct No. 7426|Precinct No. 7426
32|031|007428|Precinct No. 7428|Precinct No. 7428
32|031|007430|Precinct No. 7430|Precinct No. 7430
32|031|007431|Precinct No. 7431|Precinct No. 7431
32|031|007433|Precinct No. 7433|Precinct No. 7433
32|031|007500|Precinct No. 7500|Precinct No. 7500
32|031|007501|Precinct No. 7501|Precinct No. 7501
32|031|007502|Precinct No. 7502|Precinct No. 7502
32|031|007503|Precinct No. 7503|Precinct No. 7503
32|031|007504|Precinct No. 7504|Precinct No. 7504
32|031|007505|Precinct No. 7505|Precinct No. 7505
32|031|007506|Precinct No. 7506|Precinct No. 7506
32|031|007507|Precinct No. 7507|Precinct No. 7507
32|031|007508|Precinct No. 7508|Precinct No. 7508
32|031|007509|Precinct No. 7509|Precinct No. 7509
32|031|007512|Precinct No. 7512|Precinct No. 7512
32|031|007513|Precinct No. 7513|Precinct No. 7513
32|031|007514|Precinct No. 7514|Precinct No. 7514
32|031|007516|Precinct No. 7516|Precinct No. 7516
32|031|007517|Precinct No. 7517|Precinct No. 7517
32|031|007518|Precinct No. 7518|Precinct No. 7518
32|031|007519|Precinct No. 7519|Precinct No. 7519
32|031|007520|Precinct No. 7520|Precinct No. 7520
32|031|007521|Precinct No. 7521|Precinct No. 7521
32|031|007522|Precinct No. 7522|Precinct No. 7522
32|031|007523|Precinct No. 7523|Precinct No. 7523
32|031|007524|Precinct No. 7524|Precinct No. 7524
32|031|007525|Precinct No. 7525|Precinct No. 7525
32|031|007526|Precinct No. 7526|Precinct No. 7526
32|031|007527|Precinct No. 7527|Precinct No. 7527
32|031|007528|Precinct No. 7528|Precinct No. 7528
32|031|007529|Precinct No. 7529|Precinct No. 7529
32|031|007531|Precinct No. 7531|Precinct No. 7531
32|031|007532|Precinct No. 7532|Precinct No. 7532
32|031|007533|Precinct No. 7533|Precinct No. 7533
32|031|007534|Precinct No. 7534|Precinct No. 7534
32|031|007536|Precinct No. 7536|Precinct No. 7536
32|031|007537|Precinct No. 7537|Precinct No. 7537
32|031|007539|Precinct No. 7539|Precinct No. 7539
32|031|007540|Precinct No. 7540|Precinct No. 7540
32|031|007541|Precinct No. 7541|Precinct No. 7541
32|031|007543|Precinct No. 7543|Precinct No. 7543
32|031|007546|Precinct No. 7546|Precinct No. 7546
32|031|007547|Precinct No. 7547|Precinct No. 7547
32|031|007548|Precinct No. 7548|Precinct No. 7548
32|031|007549|Precinct No. 7549|Precinct No. 7549
32|031|007550|Precinct No. 7550|Precinct No. 7550
32|031|007552|Precinct No. 7552|Precinct No. 7552
32|031|007553|Precinct No. 7553|Precinct No. 7553
32|031|007556|Precinct No. 7556|Precinct No. 7556
32|031|007557|Precinct No. 7557|Precinct No. 7557
32|031|007558|Precinct No. 7558|Precinct No. 7558
32|031|007562|Precinct No. 7562|Precinct No. 7562
32|031|007563|Precinct No. 7563|Precinct No. 7563
32|031|007565|Precinct No. 7565|Precinct No. 7565
32|031|007566|Precinct No. 7566|Precinct No. 7566
32|031|007567|Precinct No. 7567|Precinct No. 7567
32|031|007569|Precinct No. 7569|Precinct No. 7569
32|031|007570|Precinct No. 7570|Precinct No. 7570
32|031|007571|Precinct No. 7571|Precinct No. 7571
32|031|007572|Precinct No. 7572|Precinct No. 7572
32|031|007573|Precinct No. 7573|Precinct No. 7573
32|031|007574|Precinct No. 7574|Precinct No. 7574
32|031|007576|Precinct No. 7576|Precinct No. 7576
32|031|007577|Precinct No. 7577|Precinct No. 7577
32|031|007578|Precinct No. 7578|Precinct No. 7578
32|031|007579|Precinct No. 7579|Precinct No. 7579
32|031|007581|Precinct No. 7581|Precinct No. 7581
32|031|007582|Precinct No. 7582|Precinct No. 7582
32|031|007583|Precinct No. 7583|Precinct No. 7583
32|031|007584|Precinct No. 7584|Precinct No. 7584
32|031|007585|Precinct No. 7585|Precinct No. 7585
32|031|007586|Precinct No. 7586|Precinct No. 7586
32|031|007587|Precinct No. 7587|Precinct No. 7587
32|031|007588|Precinct No. 7588|Precinct No. 7588
32|031|007589|Precinct No. 7589|Precinct No. 7589
32|031|007591|Precinct No. 7591|Precinct No. 7591
32|031|008100|Precinct No. 8100|Precinct No. 8100
32|031|008101|Precinct No. 8101|Precinct No. 8101
32|031|008102|Precinct No. 8102|Precinct No. 8102
32|031|008103|Precinct No. 8103|Precinct No. 8103
32|031|008104|Precinct No. 8104|Precinct No. 8104
32|031|008105|Precinct No. 8105|Precinct No. 8105
32|031|008106|Precinct No. 8106|Precinct No. 8106
32|031|008107|Precinct No. 8107|Precinct No. 8107
32|031|008108|Precinct No. 8108|Precinct No. 8108
32|031|008109|Precinct No. 8109|Precinct No. 8109
32|031|008110|Precinct No. 8110|Precinct No. 8110
32|031|008111|Precinct No. 8111|Precinct No. 8111
32|031|008112|Precinct No. 8112|Precinct No. 8112
32|031|008114|Precinct No. 8114|Precinct No. 8114
32|031|008115|Precinct No. 8115|Precinct No. 8115
32|031|008116|Precinct No. 8116|Precinct No. 8116
32|031|008117|Precinct No. 8117|Precinct No. 8117
32|031|008118|Precinct No. 8118|Precinct No. 8118
32|031|008125|Precinct No. 8125|Precinct No. 8125
32|031|008126|Precinct No. 8126|Precinct No. 8126
32|031|008127|Precinct No. 8127|Precinct No. 8127
32|031|008128|Precinct No. 8128|Precinct No. 8128
32|031|008129|Precinct No. 8129|Precinct No. 8129
32|031|008200|Precinct No. 8200|Precinct No. 8200
32|031|008201|Precinct No. 8201|Precinct No. 8201
32|031|008202|Precinct No. 8202|Precinct No. 8202
32|031|008203|Precinct No. 8203|Precinct No. 8203
32|031|008204|Precinct No. 8204|Precinct No. 8204
32|031|008205|Precinct No. 8205|Precinct No. 8205
32|031|008206|Precinct No. 8206|Precinct No. 8206
32|031|008207|Precinct No. 8207|Precinct No. 8207
32|031|008208|Precinct No. 8208|Precinct No. 8208
32|031|008209|Precinct No. 8209|Precinct No. 8209
32|031|008210|Precinct No. 8210|Precinct No. 8210
32|031|008211|Precinct No. 8211|Precinct No. 8211
32|031|008212|Precinct No. 8212|Precinct No. 8212
32|031|008213|Precinct No. 8213|Precinct No. 8213
32|031|008214|Precinct No. 8214|Precinct No. 8214
32|031|008216|Precinct No. 8216|Precinct No. 8216
32|031|008217|Precinct No. 8217|Precinct No. 8217
32|031|008218|Precinct No. 8218|Precinct No. 8218
32|031|008219|Precinct No. 8219|Precinct No. 8219
32|031|008220|Precinct No. 8220|Precinct No. 8220
32|031|008221|Precinct No. 8221|Precinct No. 8221
32|031|008222|Precinct No. 8222|Precinct No. 8222
32|031|008226|Precinct No. 8226|Precinct No. 8226
32|031|008227|Precinct No. 8227|Precinct No. 8227
32|031|008232|Precinct No. 8232|Precinct No. 8232
32|031|008233|Precinct No. 8233|Precinct No. 8233
32|031|008234|Precinct No. 8234|Precinct No. 8234
32|031|008235|Precinct No. 8235|Precinct No. 8235
32|031|008236|Precinct No. 8236|Precinct No. 8236
32|031|008237|Precinct No. 8237|Precinct No. 8237
32|031|008238|Precinct No. 8238|Precinct No. 8238
32|031|008240|Precinct No. 8240|Precinct No. 8240
32|031|008245|Precinct No. 8245|Precinct No. 8245
32|031|008247|Precinct No. 8247|Precinct No. 8247
32|031|008250|Precinct No. 8250|Precinct No. 8250
32|031|008253|Precinct No. 8253|Precinct No. 8253
32|031|008254|Precinct No. 8254|Precinct No. 8254
32|031|008256|Precinct No. 8256|Precinct No. 8256
32|031|008259|Precinct No. 8259|Precinct No. 8259
32|031|008260|Precinct No. 8260|Precinct No. 8260
32|031|008261|Precinct No. 8261|Precinct No. 8261
32|031|008263|Precinct No. 8263|Precinct No. 8263
32|031|008264|Precinct No. 8264|Precinct No. 8264
32|031|008265|Precinct No. 8265|Precinct No. 8265
32|031|008271|Precinct No. 8271|Precinct No. 8271
32|031|008273|Precinct No. 8273|Precinct No. 8273
32|031|008275|Precinct No. 8275|Precinct No. 8275
32|031|008276|Precinct No. 8276|Precinct No. 8276
32|031|008277|Precinct No. 8277|Precinct No. 8277
32|031|008290|Precinct No. 8290|Precinct No. 8290
32|031|008291|Precinct No. 8291|Precinct No. 8291
32|031|008292|Precinct No. 8292|Precinct No. 8292
32|031|008294|Precinct No. 8294|Precinct No. 8294
32|031|008297|Precinct No. 8297|Precinct No. 8297
32|031|008400|Precinct No. 8400|Precinct No. 8400
32|031|008500|Precinct No. 8500|Precinct No. 8500
32|031|008502|Precinct No. 8502|Precinct No. 8502
32|031|008505|Precinct No. 8505|Precinct No. 8505
32|031|009101|Precinct No. 9101|Precinct No. 9101
32|031|009102|Precinct No. 9102|Precinct No. 9102
32|031|009103|Precinct No. 9103|Precinct No. 9103
32|031|009106|Precinct No. 9106|Precinct No. 9106
32|031|009107|Precinct No. 9107|Precinct No. 9107
32|031|009109|Precinct No. 9109|Precinct No. 9109
32|031|009115|Precinct No. 9115|Precinct No. 9115
32|031|009116|Precinct No. 9116|Precinct No. 9116
32|031|009120|Precinct No. 9120|Precinct No. 9120
32|031|009121|Precinct No. 9121|Precinct No. 9121
32|031|009122|Precinct No. 9122|Precinct No. 9122
32|031|009123|Precinct No. 9123|Precinct No. 9123
32|031|009124|Precinct No. 9124|Precinct No. 9124
32|031|009125|Precinct No. 9125|Precinct No. 9125
32|031|009126|Precinct No. 9126|Precinct No. 9126
32|031|009127|Precinct No. 9127|Precinct No. 9127
32|031|009128|Precinct No. 9128|Precinct No. 9128
32|031|009129|Precinct No. 9129|Precinct No. 9129
32|031|009130|Precinct No. 9130|Precinct No. 9130
32|031|009131|Precinct No. 9131|Precinct No. 9131
32|031|009202|Precinct No. 9202|Precinct No. 9202
32|031|009207|Precinct No. 9207|Precinct No. 9207
32|031|009208|Precinct No. 9208|Precinct No. 9208
32|031|009210|Precinct No. 9210|Precinct No. 9210
32|031|009211|Precinct No. 9211|Precinct No. 9211
32|031|009243|Precinct No. 9243|Precinct No. 9243
32|031|009244|Precinct No. 9244|Precinct No. 9244
32|031|009248|Precinct No. 9248|Precinct No. 9248
32|031|009249|Precinct No. 9249|Precinct No. 9249
32|031|009251|Precinct No. 9251|Precinct No. 9251
32|031|009253|Precinct No. 9253|Precinct No. 9253
32|031|009254|Precinct No. 9254|Precinct No. 9254
32|031|009303|Precinct No. 9303|Precinct No. 9303
32|031|009304|Precinct No. 9304|Precinct No. 9304
32|031|009307|Precinct No. 9307|Precinct No. 9307
32|031|009308|Precinct No. 9308|Precinct No. 9308
32|031|009309|Precinct No. 9309|Precinct No. 9309
32|031|009310|Precinct No. 9310|Precinct No. 9310
32|031|009311|Precinct No. 9311|Precinct No. 9311
32|031|009408|Precinct No. 9408|Precinct No. 9408
32|031|009427|Precinct No. 9427|Precinct No. 9427
32|031|009428|Precinct No. 9428|Precinct No. 9428
32|031|009513|Precinct No. 9513|Precinct No. 9513
32|031|009516|Precinct No. 9516|Precinct No. 9516
32|031|009520|Precinct No. 9520|Precinct No. 9520
32|031|009523|Precinct No. 9523|Precinct No. 9523
32|031|009532|Precinct No. 9532|Precinct No. 9532
32|031|009533|Precinct No. 9533|Precinct No. 9533
32|031|009538|Precinct No. 9538|Precinct No. 9538
32|031|009540|Precinct No. 9540|Precinct No. 9540
32|031|009541|Precinct No. 9541|Precinct No. 9541
32|031|009542|Precinct No. 9542|Precinct No. 9542
32|031|009543|Precinct No. 9543|Precinct No. 9543
32|031|009546|Precinct No. 9546|Precinct No. 9546
32|031|009547|Precinct No. 9547|Precinct No. 9547
32|031|009548|Precinct No. 9548|Precinct No. 9548
32|031|009549|Precinct No. 9549|Precinct No. 9549
32|031|009550|Precinct No. 9550|Precinct No. 9550
32|031|009551|Precinct No. 9551|Precinct No. 9551
32|031|009552|Precinct No. 9552|Precinct No. 9552
32|031|009553|Precinct No. 9553|Precinct No. 9553
32|031|009554|Precinct No. 9554|Precinct No. 9554
32|031|009555|Precinct No. 9555|Precinct No. 9555
32|031|009557|Precinct No. 9557|Precinct No. 9557
32|031|009558|Precinct No. 9558|Precinct No. 9558
32|031|009559|Precinct No. 9559|Precinct No. 9559
32|031|009560|Precinct No. 9560|Precinct No. 9560
32|031|009561|Precinct No. 9561|Precinct No. 9561
32|031|009562|Precinct No. 9562|Precinct No. 9562
32|031|ZZZZZZ|Voting Districts Not Defined|Voting Districts Not Defined
32|033|000005|WP ELY VTD 1|WP ELY VTD 1
32|033|000010|WP ELY VTD 2|WP ELY VTD 2
32|033|000015|WP ELY VTD 3|WP ELY VTD 3
32|033|000020|WP ELY VTD 4|WP ELY VTD 4
32|033|000025|WP MCGILL VTD 6|WP MCGILL VTD 6
32|033|000030|WP COUNTY MAILING VTD 10|WP COUNTY MAILING VTD 10
32|033|000035|WP STEPTOE VALLEY VTD 5|WP STEPTOE VALLEY VTD 5
32|033|000040|WP RUTH VTD 7|WP RUTH VTD 7
32|033|000045|WP LUND VTD 8|WP LUND VTD 8
32|033|000050|WP SNAKE VALLEY VTD 9|WP SNAKE VALLEY VTD 9
32|510|000101|Precinct 101|Precinct 101
32|510|000103|Precinct 103|Precinct 103
32|510|000105|Precinct 105|Precinct 105
32|510|000107|Precinct 107|Precinct 107
32|510|000109|Precinct 109|Precinct 109
32|510|000111|Precinct 111|Precinct 111
32|510|000113|Precinct 113|Precinct 113
32|510|000201|Precinct 201|Precinct 201
32|510|000203|Precinct 203|Precinct 203
32|510|000205|Precinct 205|Precinct 205
32|510|000207|Precinct 207|Precinct 207
32|510|000209|Precinct 209|Precinct 209
32|510|000211|Precinct 211|Precinct 211
32|510|000301|Precinct 301|Precinct 301
32|510|000303|Precinct 303|Precinct 303
32|510|000305|Precinct 305|Precinct 305
32|510|000307|Precinct 307|Precinct 307
32|510|000309|Precinct 309|Precinct 309
32|510|000401|Precinct 401|Precinct 401
32|510|000403|Precinct 403|Precinct 403
32|510|000405|Precinct 405|Precinct 405
32|510|000407|Precinct 407|Precinct 407
32|510|000409|Precinct 409|Precinct 409
32|510|000411|Precinct 411|Precinct 411
