STATEFP|COUNTYFP|DISTRICT|NAME|NAMELSAD
16|001|011401|1401|1401
16|001|011402|1402|1402
16|001|011403|1403|1403
16|001|011404|1404|1404
16|001|011405|1405|1405
16|001|011406|1406|1406
16|001|011407|1407|1407
16|001|011408|1408|1408
16|001|011409|1409|1409
16|001|011410|1410|1410
16|001|011411|1411|1411
16|001|011412|1412|1412
16|001|011413|1413|1413
16|001|011414|1414|1414
16|001|011415|1415|1415
16|001|011416|1416|1416
16|001|011417|1417|1417
16|001|011418|1418|1418
16|001|011419|1419|1419
16|001|011501|1501|1501
16|001|011502|1502|1502
16|001|011503|1503|1503
16|001|011504|1504|1504
16|001|011505|1505|1505
16|001|011506|1506|1506
16|001|011507|1507|1507
16|001|011508|1508|1508
16|001|011509|1509|1509
16|001|011510|1510|1510
16|001|011511|1511|1511
16|001|011512|1512|1512
16|001|011513|1513|1513
16|001|011514|1514|1514
16|001|011515|1515|1515
16|001|011601|1601|1601
16|001|011602|1602|1602
16|001|011603|1603|1603
16|001|011604|1604|1604
16|001|011605|1605|1605
16|001|011606|1606|1606
16|001|011607|1607|1607
16|001|011608|1608|1608
16|001|011609|1609|1609
16|001|011610|1610|1610
16|001|011611|1611|1611
16|001|011612|1612|1612
16|001|011613|1613|1613
16|001|011614|1614|1614
16|001|011615|1615|1615
16|001|011701|1701|1701
16|001|011702|1702|1702
16|001|011703|1703|1703
16|001|011704|1704|1704
16|001|011705|1705|1705
16|001|011706|1706|1706
16|001|011707|1707|1707
16|001|011708|1708|1708
16|001|011709|1709|1709
16|001|011710|1710|1710
16|001|011711|1711|1711
16|001|011712|1712|1712
16|001|011713|1713|1713
16|001|011714|1714|1714
16|001|011715|1715|1715
16|001|011801|1801|1801
16|001|011802|1802|1802
16|001|011803|1803|1803
16|001|011804|1804|1804
16|001|011805|1805|1805
16|001|011806|1806|1806
16|001|011807|1807|1807
16|001|011808|1808|1808
16|001|011809|1809|1809
16|001|011810|1810|1810
16|001|011811|1811|1811
16|001|011812|1812|1812
16|001|011813|1813|1813
16|001|011814|1814|1814
16|001|011815|1815|1815
16|001|011816|1816|1816
16|001|011817|1817|1817
16|001|011818|1818|1818
16|001|011901|1901|1901
16|001|011902|1902|1902
16|001|011903|1903|1903
16|001|011904|1904|1904
16|001|011905|1905|1905
16|001|011906|1906|1906
16|001|011907|1907|1907
16|001|011908|1908|1908
16|001|011909|1909|1909
16|001|011910|1910|1910
16|001|011911|1911|1911
16|001|011912|1912|1912
16|001|011913|1913|1913
16|001|011914|1914|1914
16|001|011915|1915|1915
16|001|011916|1916|1916
16|001|011917|1917|1917
16|001|011918|1918|1918
16|001|011919|1919|1919
16|001|011920|1920|1920
16|001|012001|2001|2001
16|001|012002|2002|2002
16|001|012003|2003|2003
16|001|012004|2004|2004
16|001|012005|2005|2005
16|001|012006|2006|2006
16|001|012007|2007|2007
16|001|012008|2008|2008
16|001|012009|2009|2009
16|001|012010|2010|2010
16|001|012011|2011|2011
16|001|012012|2012|2012
16|001|012013|2013|2013
16|001|012101|2101|2101
16|001|012102|2102|2102
16|001|012103|2103|2103
16|001|012104|2104|2104
16|001|012105|2105|2105
16|001|012106|2106|2106
16|001|012107|2107|2107
16|001|012108|2108|2108
16|001|012109|2109|2109
16|001|012110|2110|2110
16|001|012111|2111|2111
16|001|012112|2112|2112
16|001|012113|2113|2113
16|001|012114|2114|2114
16|001|012115|2115|2115
16|001|012116|2116|2116
16|001|012201|2201|2201
16|001|012202|2202|2202
16|001|012203|2203|2203
16|001|012204|2204|2204
16|001|012205|2205|2205
16|001|012206|2206|2206
16|001|012207|2207|2207
16|001|012208|2208|2208
16|001|012209|2209|2209
16|001|012210|2210|2210
16|001|012211|2211|2211
16|001|012212|2212|2212
16|001|012213|2213|2213
16|001|012214|2214|2214
16|003|039001|003001|003001
16|003|039002|003002|003002
16|003|039003|003003|003003
16|003|039004|003004|003004
16|003|039005|003005|003005
16|003|039006|003006|003006
16|005|052834|POCATELLO|POCATELLO
16|005|052835|POCATELLO|POCATELLO
16|005|052836|POCATELLO|POCATELLO
16|005|052837|POCATELLO|POCATELLO
16|005|052838|POCATELLO|POCATELLO
16|005|052839|POCATELLO|POCATELLO
16|005|052840|POCATELLO|POCATELLO
16|005|052841|POCATELLO|POCATELLO
16|005|052842|POCATELLO|POCATELLO
16|005|052843|POCATELLO|POCATELLO
16|005|052850|CHUBBUCK|CHUBBUCK
16|005|052851|CHUBBUCK|CHUBBUCK
16|005|052852|CHUBBUCK|CHUBBUCK
16|005|052853|CHUBBUCK|CHUBBUCK
16|005|052854|CHUBBUCK|CHUBBUCK
16|005|052855|CHUBBUCK|CHUBBUCK
16|005|052856|CHUBBUCK|CHUBBUCK
16|005|052857|CHUBBUCK|CHUBBUCK
16|005|052858|CHUBBUCK|CHUBBUCK
16|005|052859|CHUBBUCK|CHUBBUCK
16|005|052860|CHUBBUCK|CHUBBUCK
16|005|052861|ARIMO|ARIMO
16|005|052862|DOWNEY|DOWNEY
16|005|052863|INKOM|INKOM
16|005|052864|LAVA HOT SPRINGS|LAVA HOT SPRINGS
16|005|052865|McCAMMON|McCAMMON
16|005|052867|PEBBLE CREEK|PEBBLE CREEK
16|005|052868|SWAN LAKE|SWAN LAKE
16|005|052901|POCATELLO|POCATELLO
16|005|052902|POCATELLO|POCATELLO
16|005|052903|POCATELLO|POCATELLO
16|005|052904|POCATELLO|POCATELLO
16|005|052905|POCATELLO|POCATELLO
16|005|052906|POCATELLO|POCATELLO
16|005|052907|POCATELLO|POCATELLO
16|005|052908|POCATELLO|POCATELLO
16|005|052909|POCATELLO|POCATELLO
16|005|052910|POCATELLO|POCATELLO
16|005|052911|POCATELLO|POCATELLO
16|005|052912|POCATELLO|POCATELLO
16|005|052913|POCATELLO|POCATELLO
16|005|052914|POCATELLO|POCATELLO
16|005|052915|POCATELLO|POCATELLO
16|005|052917|POCATELLO|POCATELLO
16|005|052918|POCATELLO|POCATELLO
16|005|052919|POCATELLO|POCATELLO
16|005|052920|POCATELLO|POCATELLO
16|005|052921|POCATELLO|POCATELLO
16|005|052922|POCATELLO|POCATELLO
16|005|052923|POCATELLO|POCATELLO
16|005|052924|POCATELLO|POCATELLO
16|005|052925|POCATELLO|POCATELLO
16|005|052926|POCATELLO|POCATELLO
16|005|052927|POCATELLO|POCATELLO
16|005|052928|POCATELLO|POCATELLO
16|005|052931|POCATELLO|POCATELLO
16|005|052932|POCATELLO|POCATELLO
16|005|052966|MINK CREEK|MINK CREEK
16|007|072905|Bennington|Bennington
16|007|072916|Bailey Creek|Bailey Creek
16|007|073201|Montpelier 1|Montpelier 1
16|007|073202|Montpelier 2|Montpelier 2
16|007|073203|Montpelier 3|Montpelier 3
16|007|073206|Bern|Bern
16|007|073207|Bloomington|Bloomington
16|007|073208|Dingle|Dingle
16|007|073209|Fish Haven|Fish Haven
16|007|073210|Geneva|Geneva
16|007|073211|Georgetown|Georgetown
16|007|073212|Liberty|Liberty
16|007|073213|Paris|Paris
16|007|073215|St Charles|St Charles
16|009|095001|Benewah|Benewah
16|009|095002|Center|Center
16|009|095003|College|College
16|009|095004|Emida|Emida
16|009|095005|Fernwood|Fernwood
16|009|095006|Plummer|Plummer
16|009|095007|Santa|Santa
16|009|095008|St Joe|St Joe
16|009|095009|St Maries|St Maries
16|009|095010|Tensed|Tensed
16|009|095011|Townsite|Townsite
16|011|113101|Blackfoot 1|Blackfoot 1
16|011|113102|Blackfoot 2|Blackfoot 2
16|011|113103|Blackfoot 3|Blackfoot 3
16|011|113104|Blackfoot 4|Blackfoot 4
16|011|113105|Blackfoot 5|Blackfoot 5
16|011|113106|Blackfoot 6|Blackfoot 6
16|011|113107|Firth 7|Firth 7
16|011|113108|Firth 8|Firth 8
16|011|113109|Groveland 9|Groveland 9
16|011|113110|Jameston 10|Jameston 10
16|011|113111|Moreland 11|Moreland 11
16|011|113112|Rockford 12|Rockford 12
16|011|113113|Shelley 13|Shelley 13
16|011|113114|Shelley 14|Shelley 14
16|011|113115|Aberdeen 15|Aberdeen 15
16|011|113116|Springfield-Sterling 16|Springfield-Sterling 16
16|011|113117|Riverside 17|Riverside 17
16|011|113118|Pingree 18|Pingree 18
16|011|113119|Wapello 19|Wapello 19
16|011|113120|Fort Hall 20|Fort Hall 20
16|011|113121|Shelley West 21|Shelley West 21
16|011|113122|Groveland 22|Groveland 22
16|011|113123|Blackfoot 23|Blackfoot 23
16|011|113124|Riverside 24|Riverside 24
16|011|113125|Moreland 25|Moreland 25
16|011|113126|Atomic City 26|Atomic City 26
16|011|113127|Bonneville 27|Bonneville 27
16|011|113128|Morgan's Pasture 28|Morgan's Pasture 28
16|013|132601|16 Yale|16 Yale
16|013|132602|15 Gannett/Picabo|15 Gannett/Picabo
16|013|132603|14 Carey|14 Carey
16|013|132604|5 Quigley|5 Quigley
16|013|132605|12 Poverty Flat|12 Poverty Flat
16|013|132606|6 Deer Creek|6 Deer Creek
16|013|132607|10 NW Woodside|10 NW Woodside
16|013|132608|7 NW Hailey|7 NW Hailey
16|013|132609|9 SW Hailey|9 SW Hailey
16|013|132610|8 NE Hailey|8 NE Hailey
16|013|132611|11 SE Woodside|11 SE Woodside
16|013|132612|13 Bellevue|13 Bellevue
16|013|132613|1 North Blaine County|1 North Blaine County
16|013|132614|4 South Ketchum|4 South Ketchum
16|013|132615|2 Sun Valley|2 Sun Valley
16|013|132616|3 North Ketchum|3 North Ketchum
16|015|158030|Garden Valley|Garden Valley
16|015|158040|Horseshoe Bend|Horseshoe Bend
16|015|158050|Idaho City|Idaho City
16|015|158060|Lowman|Lowman
16|015|158070|Mores Creek|Mores Creek
16|015|158080|Placerville|Placerville
16|017|171001|AIRPORT|AIRPORT
16|017|171002|ALGOMA|ALGOMA
16|017|171003|BALDY|BALDY
16|017|171004|BLUE LAKE|BLUE LAKE
16|017|171006|CLARK FORK|CLARK FORK
16|017|171007|COCOLALLA|COCOLALLA
16|017|171008|COLBURN|COLBURN
16|017|171009|DOVER|DOVER
16|017|171010|E PRIEST RIVER|E PRIEST RIVER
16|017|171011|EDGEMERE|EDGEMERE
16|017|171013|GROUSE CREEK|GROUSE CREEK
16|017|171014|HOPE|HOPE
16|017|171015|HUMBIRD|HUMBIRD
16|017|171016|KELSO|KELSO
16|017|171017|KOOTENAI|KOOTENAI
16|017|171018|LACLEDE|LACLEDE
16|017|171020|LAMB CREEK|LAMB CREEK
16|017|171021|ODEN|ODEN
16|017|171022|OLDTOWN|OLDTOWN
16|017|171023|PRIEST LAKE|PRIEST LAKE
16|017|171024|PRIEST RIVER WEST CITY|PRIEST RIVER WEST CITY
16|017|171026|SANDPOINT|SANDPOINT
16|017|171029|SPIRIT VALLEY|SPIRIT VALLEY
16|017|171030|WASHINGTON|WASHINGTON
16|017|171031|WESTMOND|WESTMOND
16|017|171032|W PRIEST RIVER BENCH|W PRIEST RIVER BENCH
16|017|171033|WRENCO|WRENCO
16|017|17127A|SELLE|SELLE
16|017|17127B|SELLE|SELLE
16|017|177005|CAREYWOOD|CAREYWOOD
16|017|177012|GAMLIN LAKE|GAMLIN LAKE
16|017|177019|LAKEVIEW|LAKEVIEW
16|017|177025|SAGLE|SAGLE
16|017|177028|SOUTHSIDE|SOUTHSIDE
16|019|193001|1|1
16|019|193013|13|13
16|019|193021|21|21
16|019|193022|22|22
16|019|193025|25|25
16|019|193027|27|27
16|019|193028|28|28
16|019|193037|37|37
16|019|193038|38|38
16|019|193039|39|39
16|019|193040|40|40
16|019|193041|41|41
16|019|193042|42|42
16|019|193045|45|45
16|019|193046|46|46
16|019|193047|47|47
16|019|193048|48|48
16|019|193049|49|49
16|019|193050|50|50
16|019|193051|51|51
16|019|193052|52|52
16|019|193057|57|57
16|019|193255|55|55
16|019|193256|56|56
16|019|193258|58|58
16|019|193259|59|59
16|019|193302|2|2
16|019|193303|3|3
16|019|193304|4|4
16|019|193305|5|5
16|019|193306|6|6
16|019|193307|7|7
16|019|193308|8|8
16|019|193309|9|9
16|019|193310|10|10
16|019|193311|11|11
16|019|193312|12|12
16|019|193314|14|14
16|019|193315|15|15
16|019|193316|16|16
16|019|193317|17|17
16|019|193318|18|18
16|019|193319|19|19
16|019|193320|20|20
16|019|193323|23|23
16|019|193324|24|24
16|019|193326|26|26
16|019|193443|43|43
16|019|193444|44|44
16|019|193453|53|53
16|019|193454|54|54
16|021|211001|BF/KOOTENAI|BF/KOOTENAI
16|021|211002|BF/KOOTENAI|BF/KOOTENAI
16|021|211003|COPELAND|COPELAND
16|021|211004|MOYIE|MOYIE
16|021|211005|NORTH BONNERS FERRY|NORTH BONNERS FERRY
16|021|211006|NAPLES|NAPLES
16|021|211007|VALLEY VIEW|VALLEY VIEW
16|023|233501|Arco 1|Arco 1
16|023|233502|Arco 2|Arco 2
16|023|233503|Howe|Howe
16|023|233504|Moore|Moore
16|025|252601|025001|025001
16|025|252602|025002|025002
16|027|271007|7|7
16|027|271008|8|8
16|027|271009|9|9
16|027|271010|10|10
16|027|271011|11|11
16|027|271012|12|12
16|027|271013|13|13
16|027|271014|14|14
16|027|271015|15|15
16|027|271016|16|16
16|027|271017|17|17
16|027|271018|18|18
16|027|271019|19|19
16|027|271020|20|20
16|027|271126|26|26
16|027|271127|27|27
16|027|271128|28|28
16|027|271129|29|29
16|027|271130|30|30
16|027|271131|31|31
16|027|271132|32|32
16|027|271133|33|33
16|027|271134|34|34
16|027|271135|35|35
16|027|271136|36|36
16|027|271137|37|37
16|027|271138|38|38
16|027|271139|39|39
16|027|271140|40|40
16|027|271141|41|41
16|027|271142|42|42
16|027|271143|43|43
16|027|271144|44|44
16|027|271249|49|49
16|027|271250|50|50
16|027|271251|51|51
16|027|271252|52|52
16|027|271253|53|53
16|027|271254|54|54
16|027|271255|55|55
16|027|271256|56|56
16|027|271257|57|57
16|027|271258|58|58
16|027|271259|59|59
16|027|271260|60|60
16|027|271261|61|61
16|027|271262|62|62
16|027|271369|69|69
16|027|271370|70|70
16|027|271371|71|71
16|027|271372|72|72
16|027|271373|73|73
16|027|271374|74|74
16|027|271375|75|75
16|027|271376|76|76
16|027|271377|77|77
16|027|271378|78|78
16|027|271379|79|79
16|027|271380|80|80
16|027|271381|81|81
16|027|271382|82|82
16|027|279001|1|1
16|027|279002|2|2
16|027|279003|3|3
16|029|293201|Grace 1|Grace 1
16|029|293202|Soda 2|Soda 2
16|029|293203|Soda 3|Soda 3
16|029|293204|Soda 4|Soda 4
16|029|293205|Bancroft|Bancroft
16|029|293206|Freedom|Freedom
16|029|293207|Soda 1|Soda 1
16|029|293208|Grace 2|Grace 2
16|029|293209|Wayan|Wayan
16|031|312701|BURLEY 1|BURLEY 1
16|031|312702|BURLEY 2|BURLEY 2
16|031|312703|BURLEY 3|BURLEY 3
16|031|312704|BURLEY 4|BURLEY 4
16|031|312705|BURLEY 5|BURLEY 5
16|031|312706|BURLEY 6|BURLEY 6
16|031|312707|ALBION|ALBION
16|031|312708|ALMO|ALMO
16|031|312709|BRIDGE|BRIDGE
16|031|312710|DECLO|DECLO
16|031|312711|ELBA|ELBA
16|031|312712|GRANDVIEW|GRANDVIEW
16|031|312713|HEGLAR-YALE|HEGLAR-YALE
16|031|312714|JACKSON|JACKSON
16|031|312715|MALTA|MALTA
16|031|312716|OAKLEY 1|OAKLEY 1
16|031|312717|OAKLEY 2|OAKLEY 2
16|031|312718|PARSONS|PARSONS
16|031|312719|PELLA|PELLA
16|031|312720|SPRINGDALE|SPRINGDALE
16|031|312721|STARRHS|STARRHS
16|031|312722|SUBLETT|SUBLETT
16|031|312723|UNITY|UNITY
16|031|312724|VIEW|VIEW
16|031|312725|BURLEY 7|BURLEY 7
16|033|333501|033001|033001
16|033|333502|033002|033002
16|033|333503|033003|033003
16|035|357001|1 Orofino|1 Orofino
16|035|357002|2 Orofino|2 Orofino
16|035|357003|3 Orofino|3 Orofino
16|035|357004|4 Orofino|4 Orofino
16|035|357005|5 Orofino|5 Orofino
16|035|357006|6 Fraser|6 Fraser
16|035|357007|7 Greer|7 Greer
16|035|357008|8 Teakean|8 Teakean
16|035|357009|9 Weippe|9 Weippe
16|035|357010|10 Headquarters|10 Headquarters
16|035|357011|11 Ahsahka|11 Ahsahka
16|035|357012|12 Pierce|12 Pierce
16|035|357013|13 Elk River|13 Elk River
16|035|357014|14 Grangemont|14 Grangemont
16|037|378001|Round Valley 1|Round Valley 1
16|037|378002|Round Valley 2|Round Valley 2
16|037|378003|Leslie|Leslie
16|037|378004|Clayton|Clayton
16|037|378005|Sunol|Sunol
16|037|378006|Battleground|Battleground
16|037|378007|Mackay|Mackay
16|037|378008|Stanley|Stanley
16|037|378009|Challis 1|Challis 1
16|039|392301|Atlanta|Atlanta
16|039|392303|Chattin Flats|Chattin Flats
16|039|392304|Glenns Ferry|Glenns Ferry
16|039|392305|Hammett|Hammett
16|039|392306|King Hill|King Hill
16|039|392307|Mayfield|Mayfield
16|039|392308|Mountain Home #1|Mountain Home #1
16|039|392309|Mountain Home #2|Mountain Home #2
16|039|392310|Mountain Home #3|Mountain Home #3
16|039|392311|Mountain Home #4|Mountain Home #4
16|039|392312|Mountain Home #5|Mountain Home #5
16|039|392313|Mountain Home #6|Mountain Home #6
16|039|392314|Mountain Home #7|Mountain Home #7
16|039|392315|Mountain Home #8|Mountain Home #8
16|039|392316|Mountain Home #9|Mountain Home #9
16|039|392317|Pine|Pine
16|039|392318|Prairie|Prairie
16|041|413201|Preston 1|Preston 1
16|041|413202|Preston 2|Preston 2
16|041|413203|Preston 3|Preston 3
16|041|413204|Preston 4|Preston 4
16|041|413205|Preston 5|Preston 5
16|041|413206|Banida-Winder 6|Banida-Winder 6
16|041|413207|Clifton-Oxford 7|Clifton-Oxford 7
16|041|413208|Dayton 8|Dayton 8
16|041|413209|Fairview 9|Fairview 9
16|041|413210|Franklin 10|Franklin 10
16|041|413211|Mapleton 11|Mapleton 11
16|041|413212|Mink Creek 12|Mink Creek 12
16|041|413213|Thatcher-Cleveland 13|Thatcher-Cleveland 13
16|041|413214|Treas-Riverdale 14|Treas-Riverdale 14
16|041|413215|Weston 15|Weston 15
16|041|413216|Whitney 16|Whitney 16
16|041|413217|Worm Creek 17|Worm Creek 17
16|043|433501|1 Ashton 1|1 Ashton 1
16|043|433502|2 Ashton 2|2 Ashton 2
16|043|433503|3 Chester/Twin Grov|3 Chester/Twin Grov
16|043|433504|4 Drummond/Squirrel/Lamont|4 Drummond/Squirrel/Lamont
16|043|433505|5 Egin|5 Egin
16|043|433506|6 Island Park|6 Island Park
16|043|433507|7 Newdale|7 Newdale
16|043|433508|8 Parker|8 Parker
16|043|433510|10 St Anthony 1|10 St Anthony 1
16|043|433511|11 St Anthony 2|11 St Anthony 2
16|043|433512|12 St Anthony 3|12 St Anthony 3
16|043|433513|13 Teton|13 Teton
16|043|433514|14 Warm River/Green|14 Warm River/Green
16|043|433515|15 Wilford|15 Wilford
16|045|458001|CENTRAL EMMETT|CENTRAL EMMETT
16|045|458002|NORTH EMMETT|NORTH EMMETT
16|045|458003|BUTTEVIEW|BUTTEVIEW
16|045|458004|SOUTH EMMETT|SOUTH EMMETT
16|045|458005|WEST EMMETT|WEST EMMETT
16|045|458006|EMERSON|EMERSON
16|045|458007|LINCOLN|LINCOLN
16|045|458008|LETHA|LETHA
16|045|458009|HANNA|HANNA
16|045|458010|BRICK|BRICK
16|045|458011|BENCH|BENCH
16|045|458012|SWEET-MONTOUR|SWEET-MONTOUR
16|045|458013|OLA|OLA
16|047|472601|1|1
16|047|472602|2|2
16|047|472603|3|3
16|047|472604|4|4
16|047|472605|5|5
16|047|472606|6|6
16|047|472607|7|7
16|049|497001|Big Butte|Big Butte
16|049|497002|Clearwater|Clearwater
16|049|497003|Cottonwood #1|Cottonwood #1
16|049|497004|Cottonwood #2|Cottonwood #2
16|049|497005|Elk City|Elk City
16|049|497006|Fenn|Fenn
16|049|497007|Ferdinand|Ferdinand
16|049|497008|Greencreek|Greencreek
16|049|497009|Glover|Glover
16|049|497010|Grangeville # 1|Grangeville # 1
16|049|497011|Grangeville #2|Grangeville #2
16|049|497012|Grangeville #3|Grangeville #3
16|049|497013|Grangeville #4|Grangeville #4
16|049|497014|Grangeville #5|Grangeville #5
16|049|497015|Harpster|Harpster
16|049|497016|Joseph|Joseph
16|049|497017|Kamiah|Kamiah
16|049|497018|Keuterville|Keuterville
16|049|497019|Kooskia|Kooskia
16|049|497020|Lowell|Lowell
16|049|497021|Pollock|Pollock
16|049|497022|Riggins|Riggins
16|049|497023|Slate Creek I|Slate Creek I
16|049|497024|Stites|Stites
16|049|497025|White Bird|White Bird
16|049|497026|Woodland|Woodland
16|049|497027|Slate Creek II|Slate Creek II
16|051|513501|Rigby 1|Rigby 1
16|051|513502|Rigby 2|Rigby 2
16|051|513503|Rigby 3|Rigby 3
16|051|513504|Rigby 4|Rigby 4
16|051|513505|Lewisville|Lewisville
16|051|513506|Clark|Clark
16|051|513507|Ririe|Ririe
16|051|513508|Labelle|Labelle
16|051|513509|Lorenzo|Lorenzo
16|051|513510|Annis|Annis
16|051|513511|Menan|Menan
16|051|513512|Monteview|Monteview
16|051|513513|Hamer|Hamer
16|051|513514|Roberts|Roberts
16|051|513515|Terreton|Terreton
16|051|513516|Grant|Grant
16|051|513517|Garfield|Garfield
16|053|532501|HAZELTON|HAZELTON
16|053|532502|EDEN|EDEN
16|053|532503|FALLS CITY|FALLS CITY
16|053|532504|CANYONSIDE|CANYONSIDE
16|053|532505|SHEPHERDVIEW|SHEPHERDVIEW
16|053|532506|NORTHEAST|NORTHEAST
16|053|532507|SOUTHWEST|SOUTHWEST
16|053|532508|SOUTHEAST|SOUTHEAST
16|053|532509|NORTHWEST|NORTHWEST
16|053|532510|BISHOP COURT|BISHOP COURT
16|055|552001|1|1
16|055|552002|2|2
16|055|552003|3|3
16|055|552004|4|4
16|055|552005|5|5
16|055|552006|6|6
16|055|552007|7|7
16|055|552012|12|12
16|055|552013|13|13
16|055|552014|14|14
16|055|552015|15|15
16|055|552016|16|16
16|055|552017|17|17
16|055|552018|18|18
16|055|552019|19|19
16|055|552020|20|20
16|055|552021|21|21
16|055|552022|22|22
16|055|552041|41|41
16|055|552061|61|61
16|055|552067|67|67
16|055|552068|68|68
16|055|552070|70|70
16|055|553008|8|8
16|055|553009|9|9
16|055|553010|10|10
16|055|553011|11|11
16|055|553023|23|23
16|055|553024|24|24
16|055|553025|25|25
16|055|553026|26|26
16|055|553027|27|27
16|055|553028|28|28
16|055|553029|29|29
16|055|553030|30|30
16|055|553031|31|31
16|055|553032|32|32
16|055|553033|33|33
16|055|553034|34|34
16|055|553035|35|35
16|055|553036|36|36
16|055|553063|63|63
16|055|553064|64|64
16|055|553065|65|65
16|055|553066|66|66
16|055|553069|69|69
16|055|554037|37|37
16|055|554038|38|38
16|055|554039|39|39
16|055|554040|40|40
16|055|554042|42|42
16|055|554043|43|43
16|055|554044|44|44
16|055|554045|45|45
16|055|554046|46|46
16|055|554047|47|47
16|055|554048|48|48
16|055|554049|49|49
16|055|554050|50|50
16|055|554051|51|51
16|055|554052|52|52
16|055|554053|53|53
16|055|554054|54|54
16|055|554055|55|55
16|055|554056|56|56
16|055|554057|57|57
16|055|554058|58|58
16|055|554059|59|59
16|055|554060|60|60
16|055|554062|62|62
16|057|575001|01|01
16|057|575002|02|02
16|057|575003|03|03
16|057|575004|04|04
16|057|575005|05|05
16|057|575006|06|06
16|057|575007|07|07
16|057|575008|08|08
16|057|575009|09|09
16|057|575010|10|10
16|057|575011|11|11
16|057|575012|12|12
16|057|575013|13|13
16|057|575014|14|14
16|057|575015|15|15
16|057|575016|16|16
16|057|575017|17|17
16|057|575018|18|18
16|057|575019|19|19
16|057|575020|20|20
16|057|575021|21|21
16|057|575022|22|22
16|057|575023|23|23
16|057|575024|24|24
16|057|575025|25|25
16|057|575026|26|26
16|057|575027|27|27
16|057|575028|28|28
16|057|575029|29|29
16|057|575030|30|30
16|057|575031|31|31
16|057|575032|32|32
16|059|598001|Junction|Junction
16|059|598002|North Fork|North Fork
16|059|598003|Mineral Hill|Mineral Hill
16|059|598004|Lemhi|Lemhi
16|059|598005|Brooklyn|Brooklyn
16|059|598006|Salmon|Salmon
16|059|598007|Depot|Depot
16|059|598008|Pahsimeroi|Pahsimeroi
16|059|598009|Iron Creek|Iron Creek
16|061|616001|Nezperce|Nezperce
16|061|616002|West Kamiah|West Kamiah
16|061|616003|East Kamiah|East Kamiah
16|061|616004|Craigmont|Craigmont
16|061|616005|Winchester|Winchester
16|061|616006|Reubens|Reubens
16|061|616007|Mohler|Mohler
16|061|616008|Slickpoo|Slickpoo
16|063|632601|Shoshone|Shoshone
16|063|632603|North Shoshone|North Shoshone
16|063|632604|Richfield|Richfield
16|063|632605|Dietrich|Dietrich
16|063|632606|Kimama|Kimama
16|065|653401|Plano 1|Plano 1
16|065|653402|Burton 2|Burton 2
16|065|653403|Hibbard 3|Hibbard 3
16|065|653404|Salem 4|Salem 4
16|065|653405|Rexburg 5|Rexburg 5
16|065|653406|Sugar 6|Sugar 6
16|065|653407|Rexburg 7|Rexburg 7
16|065|653408|Rexburg 8|Rexburg 8
16|065|653409|Rexburg 9|Rexburg 9
16|065|653410|Rexburg 10|Rexburg 10
16|065|653411|Rexburg 11|Rexburg 11
16|065|653412|Rexburg 12|Rexburg 12
16|065|653413|Rexburg 13|Rexburg 13
16|065|653414|Rexburg 14|Rexburg 14
16|065|653415|Rexburg 15|Rexburg 15
16|065|653416|Rexburg 16|Rexburg 16
16|065|653417|Moody 17|Moody 17
16|065|653418|Union 18|Union 18
16|065|653419|Archer 19|Archer 19
16|067|672701|Acequia|Acequia
16|067|672702|Emerson|Emerson
16|067|672703|Heyburn|Heyburn
16|067|672704|Heyburn|Heyburn
16|067|672705|Paul|Paul
16|067|672706|Pioneer|Pioneer
16|067|672708|Rupert|Rupert
16|067|672709|Rupert|Rupert
16|067|672710|Rupert|Rupert
16|067|6727A1|Rupert|Rupert
16|067|6727B1|Rupert|Rupert
16|069|696001|LEWISTON #1|LEWISTON #1
16|069|696002|LEWISTON #2|LEWISTON #2
16|069|696003|LEWISTON #3|LEWISTON #3
16|069|696004|LEWISTON #4|LEWISTON #4
16|069|696005|LEWISTON #5|LEWISTON #5
16|069|696006|LEWISTON #6|LEWISTON #6
16|069|696007|LEWISTON #7|LEWISTON #7
16|069|696008|LEWISTON #8|LEWISTON #8
16|069|696009|LEWISTON #9|LEWISTON #9
16|069|696010|LEWISTON #10|LEWISTON #10
16|069|696011|LEWISTON #11|LEWISTON #11
16|069|696012|LEWISTON #12|LEWISTON #12
16|069|696013|LEWISTON #13|LEWISTON #13
16|069|696014|LEWISTON #14|LEWISTON #14
16|069|696015|LEWISTON #15|LEWISTON #15
16|069|696016|LEWISTON #16|LEWISTON #16
16|069|696017|LEWISTON #17|LEWISTON #17
16|069|696018|LEWISTON #18|LEWISTON #18
16|069|696019|LEWISTON #19|LEWISTON #19
16|069|696020|LEWISTON #20|LEWISTON #20
16|069|696021|LEWISTON #21|LEWISTON #21
16|069|696022|LEWISTON #22|LEWISTON #22
16|069|696023|RIMROCK|RIMROCK
16|069|696024|FOOTHILLS|FOOTHILLS
16|069|696025|TAMMANY|TAMMANY
16|069|696026|LAPWAI|LAPWAI
16|069|696027|LELAND|LELAND
16|069|696028|LENORE|LENORE
16|069|696029|PECK|PECK
16|069|696030|GIFFORD|GIFFORD
16|069|696031|CULDESAC|CULDESAC
16|069|696032|WEBB|WEBB
16|071|713201|Malad 1|Malad 1
16|071|713202|Malad 2|Malad 2
16|071|713203|Malad 3|Malad 3
16|071|713204|Malad 4|Malad 4
16|071|713205|Curlew|Curlew
16|071|713206|Holbrook|Holbrook
16|073|732301|NORTH HOMEDALE|NORTH HOMEDALE
16|073|732302|SOUTH HOMEDALE|SOUTH HOMEDALE
16|073|732303|NORTH MARSING|NORTH MARSING
16|073|732304|SOUTH MARSING|SOUTH MARSING
16|073|732305|PLEASANT VALLEY|PLEASANT VALLEY
16|073|732306|WILSON|WILSON
16|073|732307|MURPHY|MURPHY
16|073|732308|OREANA|OREANA
16|073|732309|GRAND VIEW|GRAND VIEW
16|073|732310|BRUNEAU|BRUNEAU
16|073|732311|RIDDLE|RIDDLE
16|073|732312|THREE CREEK|THREE CREEK
16|075|759001|075001|075001
16|075|759002|075002|075002
16|075|759003|075003|075003
16|075|759004|075004|075004
16|075|759005|075005|075005
16|075|759006|075006|075006
16|075|759007|075007|075007
16|075|759008|075008|075008
16|075|759009|075009|075009
16|075|759010|075010|075010
16|077|772801|077001|077001
16|077|772802|077002|077002
16|077|772803|077003|077003
16|077|772804|077004|077004
16|077|772805|077005|077005
16|077|772806|077006|077006
16|079|797001|01 - MURRAY|01 - MURRAY
16|079|797002|02 - MULLAN|02 - MULLAN
16|079|797003|03 - WALLACE|03 - WALLACE
16|079|797004|04 - SILVERTON|04 - SILVERTON
16|079|797005|05 - OSBURN|05 - OSBURN
16|079|797006|06 - KELLOGG|06 - KELLOGG
16|079|797007|07 - WARDNER (Mail Out)|07 - WARDNER (Mail Out)
16|079|797008|08 - SMELTERVILLE|08 - SMELTERVILLE
16|079|797009|09 - PINEHURST|09 - PINEHURST
16|079|797010|10 - KINGSTON|10 - KINGSTON
16|079|797011|11 - CALDER (Mail Out)|11 - CALDER (Mail Out)
16|079|797012|12 - CLARKIA (Mail Out)|12 - CLARKIA (Mail Out)
16|079|797013|13 - AVERY (Mail Out)|13 - AVERY (Mail Out)
16|081|813201|1|1
16|081|813202|2|2
16|081|813203|3|3
16|081|813204|4|4
16|081|813205|5|5
16|081|813206|6|6
16|081|813207|7|7
16|083|832301|Buhl 01|Buhl 01
16|083|832302|Buhl 02|Buhl 02
16|083|832303|Castleford|Castleford
16|083|832304|Deep Creek|Deep Creek
16|083|832305|Maroa|Maroa
16|083|832401|TF 01|TF 01
16|083|832402|TF 02|TF 02
16|083|832403|TF 03|TF 03
16|083|832404|TF 04|TF 04
16|083|832405|TF 05|TF 05
16|083|832406|TF 06|TF 06
16|083|832407|TF 07|TF 07
16|083|832408|TF 08|TF 08
16|083|832409|TF 09|TF 09
16|083|832410|TF 10|TF 10
16|083|832411|TF 11|TF 11
16|083|832412|TF 12|TF 12
16|083|832413|TF 13|TF 13
16|083|832414|TF 14|TF 14
16|083|832415|TF 15|TF 15
16|083|832416|TF 16|TF 16
16|083|832417|TF 17|TF 17
16|083|832418|TF 18|TF 18
16|083|832419|TF 19|TF 19
16|083|832420|TF 20|TF 20
16|083|832421|TF 21|TF 21
16|083|832422|TF 22|TF 22
16|083|832423|TF 23|TF 23
16|083|832501|Murtaugh|Murtaugh
16|083|832503|Buhl 03|Buhl 03
16|083|832504|Buhl 04|Buhl 04
16|083|832505|Buhl 05|Buhl 05
16|083|832506|Filer 01|Filer 01
16|083|832507|Filer 02|Filer 02
16|083|832508|Filer 03|Filer 03
16|083|832509|Hansen|Hansen
16|083|832510|Hollister|Hollister
16|083|832511|Kimberly 01|Kimberly 01
16|083|832512|Kimberly 02|Kimberly 02
16|083|832513|Kimberly 03|Kimberly 03
16|083|832514|Kimberly 04|Kimberly 04
16|083|832524|TF 24|TF 24
16|083|832525|TF 25|TF 25
16|083|832526|TF 26|TF 26
16|085|858001|Mc Call|Mc Call
16|085|858002|Roseberry|Roseberry
16|085|858003|West Mountain|West Mountain
16|085|858004|Payette|Payette
16|085|858005|Alpha|Alpha
16|085|858006|Yellow Pine|Yellow Pine
16|085|858007|Donnelly|Donnelly
16|085|858008|Cascade|Cascade
16|087|879001|Eaton 1|Eaton 1
16|087|879002|West Weiser 2|West Weiser 2
16|087|879003|South Weiser 3|South Weiser 3
16|087|879004|Weiser 4|Weiser 4
16|087|879005|Middle Weiser 5|Middle Weiser 5
16|087|879006|East Weiser 6|East Weiser 6
16|087|879007|Midvale 7|Midvale 7
16|087|879008|Cambridge 8|Cambridge 8
16|087|879009|Pioneer 9|Pioneer 9
16|087|879010|Sunnyside 10|Sunnyside 10
16|087|879011|Mineral 11|Mineral 11
