STATEFP|COUNTYFP|DISTRICT|NAME|NAMELSAD
40|001|010001|10001|10001
40|001|010002|10002|10002
40|001|010003|10003|10003
40|001|010004|10004|10004
40|001|010005|10005|10005
40|001|010006|10006|10006
40|001|010007|10007|10007
40|001|010008|10008|10008
40|001|010010|10010|10010
40|001|010011|10011|10011
40|001|010012|10012|10012
40|001|010013|10013|10013
40|001|010014|10014|10014
40|001|010016|10016|10016
40|001|010017|10017|10017
40|001|010018|10018|10018
40|001|010019|10019|10019
40|003|000110|20110|20110
40|003|000120|20120|20120
40|003|000140|20140|20140
40|003|000220|20220|20220
40|003|000230|20230|20230
40|003|000310|20310|20310
40|003|000320|20320|20320
40|003|000330|20330|20330
40|005|000001|30001|30001
40|005|000002|30002|30002
40|005|000003|30003|30003
40|005|000006|30006|30006
40|005|000007|30007|30007
40|005|000008|30008|30008
40|005|000009|30009|30009
40|005|000010|30010|30010
40|005|000011|30011|30011
40|005|000012|30012|30012
40|005|000013|30013|30013
40|005|000014|30014|30014
40|005|000015|30015|30015
40|005|000016|30016|30016
40|005|000017|30017|30017
40|005|000018|30018|30018
40|005|000019|30019|30019
40|007|000011|40011|40011
40|007|000013|40013|40013
40|007|000023|40023|40023
40|007|000025|40025|40025
40|007|000026|40026|40026
40|007|000031|40031|40031
40|007|000033|40033|40033
40|009|000111|50111|50111
40|009|000112|50112|50112
40|009|000115|50115|50115
40|009|000141|50141|50141
40|009|000231|50231|50231
40|009|000232|50232|50232
40|009|000235|50235|50235
40|009|000242|50242|50242
40|009|000320|50320|50320
40|009|000330|50330|50330
40|009|000332|50332|50332
40|009|000333|50333|50333
40|009|000343|50343|50343
40|011|000002|60002|60002
40|011|000007|60007|60007
40|011|000010|60010|60010
40|011|000011|60011|60011
40|011|000012|60012|60012
40|011|000016|60016|60016
40|011|000017|60017|60017
40|011|000020|60020|60020
40|011|000022|60022|60022
40|013|000003|70003|70003
40|013|000004|70004|70004
40|013|000005|70005|70005
40|013|000008|70008|70008
40|013|000010|70010|70010
40|013|000011|70011|70011
40|013|000013|70013|70013
40|013|000014|70014|70014
40|013|000015|70015|70015
40|013|000017|70017|70017
40|013|000018|70018|70018
40|013|000019|70019|70019
40|013|000020|70020|70020
40|013|000021|70021|70021
40|013|000022|70022|70022
40|013|000023|70023|70023
40|013|000025|70025|70025
40|013|000026|70026|70026
40|013|000027|70027|70027
40|013|000028|70028|70028
40|013|000029|70029|70029
40|013|000033|70033|70033
40|015|000012|80012|80012
40|015|000022|80022|80022
40|015|000031|80031|80031
40|015|000041|80041|80041
40|015|000051|80051|80051
40|015|000102|80102|80102
40|015|000509|80509|80509
40|015|000510|80510|80510
40|015|000511|80511|80511
40|015|000712|80712|80712
40|015|000715|80715|80715
40|015|000810|80810|80810
40|015|000811|80811|80811
40|015|000812|80812|80812
40|015|001009|81009|81009
40|015|001010|81010|81010
40|015|001011|81011|81011
40|015|001013|81013|81013
40|015|001111|81111|81111
40|015|001213|81213|81213
40|017|000100|90100|90100
40|017|000102|90102|90102
40|017|000106|90106|90106
40|017|000107|90107|90107
40|017|000109|90109|90109
40|017|000114|90114|90114
40|017|000116|90116|90116
40|017|000124|90124|90124
40|017|000200|90200|90200
40|017|000201|90201|90201
40|017|000202|90202|90202
40|017|000204|90204|90204
40|017|000206|90206|90206
40|017|000208|90208|90208
40|017|000209|90209|90209
40|017|000210|90210|90210
40|017|000211|90211|90211
40|017|000214|90214|90214
40|017|000215|90215|90215
40|017|000216|90216|90216
40|017|000217|90217|90217
40|017|000218|90218|90218
40|017|000220|90220|90220
40|017|000221|90221|90221
40|017|000223|90223|90223
40|017|000224|90224|90224
40|017|000225|90225|90225
40|017|000226|90226|90226
40|017|000227|90227|90227
40|017|000228|90228|90228
40|017|000300|90300|90300
40|017|000301|90301|90301
40|017|000302|90302|90302
40|017|000303|90303|90303
40|017|000304|90304|90304
40|017|000306|90306|90306
40|017|000308|90308|90308
40|017|000309|90309|90309
40|017|000400|90400|90400
40|017|000403|90403|90403
40|017|000404|90404|90404
40|017|000406|90406|90406
40|017|000408|90408|90408
40|017|000409|90409|90409
40|017|000502|90502|90502
40|017|000503|90503|90503
40|017|000504|90504|90504
40|017|000506|90506|90506
40|019|000001|100001|100001
40|019|000002|100002|100002
40|019|000007|100007|100007
40|019|000011|100011|100011
40|019|000014|100014|100014
40|019|000015|100015|100015
40|019|000017|100017|100017
40|019|000019|100019|100019
40|019|000020|100020|100020
40|019|000024|100024|100024
40|019|000025|100025|100025
40|019|000026|100026|100026
40|019|000030|100030|100030
40|019|000031|100031|100031
40|019|000032|100032|100032
40|019|000033|100033|100033
40|019|000034|100034|100034
40|019|000039|100039|100039
40|019|000041|100041|100041
40|019|000051|100051|100051
40|019|000052|100052|100052
40|019|000061|100061|100061
40|019|000062|100062|100062
40|019|000063|100063|100063
40|019|000071|100071|100071
40|021|000001|110001|110001
40|021|000002|110002|110002
40|021|000003|110003|110003
40|021|000004|110004|110004
40|021|000005|110005|110005
40|021|000006|110006|110006
40|021|000007|110007|110007
40|021|000008|110008|110008
40|021|000009|110009|110009
40|021|000010|110010|110010
40|021|000011|110011|110011
40|021|000012|110012|110012
40|021|000013|110013|110013
40|021|000014|110014|110014
40|021|000015|110015|110015
40|021|000016|110016|110016
40|021|000017|110017|110017
40|021|000018|110018|110018
40|021|000019|110019|110019
40|021|000020|110020|110020
40|021|000021|110021|110021
40|021|000022|110022|110022
40|021|000023|110023|110023
40|021|000025|110025|110025
40|023|000101|120101|120101
40|023|000104|120104|120104
40|023|000105|120105|120105
40|023|000106|120106|120106
40|023|000207|120207|120207
40|023|000208|120208|120208
40|023|000209|120209|120209
40|023|000210|120210|120210
40|023|000211|120211|120211
40|023|000214|120214|120214
40|023|000215|120215|120215
40|023|000316|120316|120316
40|023|000318|120318|120318
40|023|000319|120319|120319
40|023|000320|120320|120320
40|023|000321|120321|120321
40|023|000322|120322|120322
40|025|000002|130002|130002
40|025|000003|130003|130003
40|025|000004|130004|130004
40|025|000005|130005|130005
40|025|000006|130006|130006
40|025|000007|130007|130007
40|027|000001|140001|140001
40|027|000002|140002|140002
40|027|000003|140003|140003
40|027|000004|140004|140004
40|027|000005|140005|140005
40|027|000006|140006|140006
40|027|000007|140007|140007
40|027|000008|140008|140008
40|027|000009|140009|140009
40|027|000010|140010|140010
40|027|000011|140011|140011
40|027|000012|140012|140012
40|027|000013|140013|140013
40|027|000014|140014|140014
40|027|000015|140015|140015
40|027|000016|140016|140016
40|027|000017|140017|140017
40|027|000018|140018|140018
40|027|000019|140019|140019
40|027|000020|140020|140020
40|027|000021|140021|140021
40|027|000022|140022|140022
40|027|000024|140024|140024
40|027|000025|140025|140025
40|027|000026|140026|140026
40|027|000027|140027|140027
40|027|000028|140028|140028
40|027|000029|140029|140029
40|027|000030|140030|140030
40|027|000032|140032|140032
40|027|000034|140034|140034
40|027|000035|140035|140035
40|027|000036|140036|140036
40|027|000037|140037|140037
40|027|000038|140038|140038
40|027|000039|140039|140039
40|027|000040|140040|140040
40|027|000041|140041|140041
40|027|000042|140042|140042
40|027|000043|140043|140043
40|027|000044|140044|140044
40|027|000045|140045|140045
40|027|000047|140047|140047
40|027|000048|140048|140048
40|027|000049|140049|140049
40|027|000050|140050|140050
40|027|000051|140051|140051
40|027|000053|140053|140053
40|027|000054|140054|140054
40|027|000055|140055|140055
40|027|000056|140056|140056
40|027|000057|140057|140057
40|027|000058|140058|140058
40|027|000059|140059|140059
40|027|000060|140060|140060
40|027|000061|140061|140061
40|027|000063|140063|140063
40|027|000064|140064|140064
40|027|000065|140065|140065
40|027|000067|140067|140067
40|027|000068|140068|140068
40|027|000069|140069|140069
40|027|000070|140070|140070
40|027|000071|140071|140071
40|027|000072|140072|140072
40|027|000073|140073|140073
40|027|000074|140074|140074
40|027|000076|140076|140076
40|027|000077|140077|140077
40|027|000078|140078|140078
40|027|000080|140080|140080
40|027|000081|140081|140081
40|027|000082|140082|140082
40|027|000083|140083|140083
40|027|000086|140086|140086
40|027|000087|140087|140087
40|027|000088|140088|140088
40|027|000089|140089|140089
40|027|000090|140090|140090
40|027|000091|140091|140091
40|027|000092|140092|140092
40|027|000093|140093|140093
40|027|000094|140094|140094
40|027|000095|140095|140095
40|029|000002|2|Voting District 2
40|029|000003|3|Voting District 3
40|029|000004|4|Voting District 4
40|029|000005|5|Voting District 5
40|029|000006|6|Voting District 6
40|029|000007|7|Voting District 7
40|029|000009|9|Voting District 9
40|029|000010|10|Voting District 10
40|029|000011|11|Voting District 11
40|031|000001|160001|160001
40|031|000002|160002|160002
40|031|000003|160003|160003
40|031|000007|160007|160007
40|031|000008|160008|160008
40|031|000009|160009|160009
40|031|000011|160011|160011
40|031|000013|160013|160013
40|031|000014|160014|160014
40|031|000015|160015|160015
40|031|000017|160017|160017
40|031|000019|160019|160019
40|031|000020|160020|160020
40|031|000021|160021|160021
40|031|000025|160025|160025
40|031|000026|160026|160026
40|031|000027|160027|160027
40|031|000029|160029|160029
40|031|000030|160030|160030
40|031|000031|160031|160031
40|031|000032|160032|160032
40|031|000033|160033|160033
40|031|000034|160034|160034
40|031|000035|160035|160035
40|031|000036|160036|160036
40|031|000037|160037|160037
40|031|000038|160038|160038
40|031|000039|160039|160039
40|031|000040|160040|160040
40|031|000041|160041|160041
40|031|000042|160042|160042
40|031|000043|160043|160043
40|031|000045|160045|160045
40|031|000046|160046|160046
40|031|000048|160048|160048
40|031|000049|160049|160049
40|031|000050|160050|160050
40|031|000051|160051|160051
40|031|000053|160053|160053
40|033|000001|170001|170001
40|033|000003|170003|170003
40|033|000004|170004|170004
40|033|000005|170005|170005
40|033|000007|170007|170007
40|033|000008|170008|170008
40|033|000009|170009|170009
40|033|000010|170010|170010
40|033|000011|170011|170011
40|035|000140|180140|180140
40|035|000320|180320|180320
40|035|000410|180410|180410
40|035|000520|180520|180520
40|035|000611|180611|180611
40|035|000612|180612|180612
40|035|000621|180621|180621
40|035|000622|180622|180622
40|035|000710|180710|180710
40|035|000810|180810|180810
40|035|000820|180820|180820
40|035|000910|180910|180910
40|037|000111|190111|190111
40|037|000112|190112|190112
40|037|000121|190121|190121
40|037|000122|190122|190122
40|037|000131|190131|190131
40|037|000132|190132|190132
40|037|000142|190142|190142
40|037|000143|190143|190143
40|037|000211|190211|190211
40|037|000221|190221|190221
40|037|000231|190231|190231
40|037|000241|190241|190241
40|037|000311|190311|190311
40|037|000401|190401|190401
40|037|000402|190402|190402
40|037|000403|190403|190403
40|037|000404|190404|190404
40|037|000405|190405|190405
40|037|000406|190406|190406
40|037|000407|190407|190407
40|037|000408|190408|190408
40|037|000409|190409|190409
40|037|000410|190410|190410
40|037|000411|190411|190411
40|037|000412|190412|190412
40|037|000413|190413|190413
40|037|000414|190414|190414
40|037|000415|190415|190415
40|037|000416|190416|190416
40|037|000417|190417|190417
40|037|000418|190418|190418
40|037|000419|190419|190419
40|037|000420|190420|190420
40|037|000421|190421|190421
40|037|000422|190422|190422
40|039|000001|200001|200001
40|039|000003|200003|200003
40|039|000005|200005|200005
40|039|000007|200007|200007
40|039|000012|200012|200012
40|039|000013|200013|200013
40|039|000018|200018|200018
40|039|000019|200019|200019
40|039|000020|200020|200020
40|039|000021|200021|200021
40|039|000022|200022|200022
40|039|000023|200023|200023
40|039|000026|200026|200026
40|041|000001|210001|210001
40|041|000002|210002|210002
40|041|000003|210003|210003
40|041|000004|210004|210004
40|041|000005|210005|210005
40|041|000006|210006|210006
40|041|000007|210007|210007
40|041|000008|210008|210008
40|041|000009|210009|210009
40|041|000010|210010|210010
40|041|000011|210011|210011
40|041|000012|210012|210012
40|041|000014|210014|210014
40|041|000015|210015|210015
40|041|000016|210016|210016
40|041|000017|210017|210017
40|041|000018|210018|210018
40|041|000019|210019|210019
40|041|000020|210020|210020
40|041|000021|210021|210021
40|041|000022|210022|210022
40|041|000023|210023|210023
40|043|000001|220001|220001
40|043|000002|220002|220002
40|043|000003|220003|220003
40|043|000004|220004|220004
40|043|000005|220005|220005
40|043|000007|220007|220007
40|043|000008|220008|220008
40|043|000009|220009|220009
40|043|000010|220010|220010
40|045|000001|230001|230001
40|045|000003|230003|230003
40|045|000004|230004|230004
40|045|000006|230006|230006
40|045|000007|230007|230007
40|045|000008|230008|230008
40|045|000009|230009|230009
40|047|000101|240101|240101
40|047|000102|240102|240102
40|047|000103|240103|240103
40|047|000104|240104|240104
40|047|000105|240105|240105
40|047|000106|240106|240106
40|047|000107|240107|240107
40|047|000108|240108|240108
40|047|000109|240109|240109
40|047|000110|240110|240110
40|047|000201|240201|240201
40|047|000202|240202|240202
40|047|000203|240203|240203
40|047|000204|240204|240204
40|047|000206|240206|240206
40|047|000207|240207|240207
40|047|000208|240208|240208
40|047|000210|240210|240210
40|047|000211|240211|240211
40|047|000212|240212|240212
40|047|000301|240301|240301
40|047|000302|240302|240302
40|047|000304|240304|240304
40|047|000305|240305|240305
40|047|000306|240306|240306
40|047|000307|240307|240307
40|047|000308|240308|240308
40|047|000309|240309|240309
40|047|000310|240310|240310
40|047|000311|240311|240311
40|049|000001|250001|250001
40|049|000002|250002|250002
40|049|000003|250003|250003
40|049|000005|250005|250005
40|049|000006|250006|250006
40|049|000007|250007|250007
40|049|000008|250008|250008
40|049|000009|250009|250009
40|049|000013|250013|250013
40|049|000015|250015|250015
40|049|000016|250016|250016
40|049|000017|250017|250017
40|049|000018|250018|250018
40|049|000020|250020|250020
40|049|000021|250021|250021
40|049|000024|250024|250024
40|049|000025|250025|250025
40|051|000001|260001|260001
40|051|000002|260002|260002
40|051|000003|260003|260003
40|051|000005|260005|260005
40|051|000006|260006|260006
40|051|000008|260008|260008
40|051|000009|260009|260009
40|051|000011|260011|260011
40|051|000016|260016|260016
40|051|000017|260017|260017
40|051|000020|260020|260020
40|051|000021|260021|260021
40|051|000023|260023|260023
40|051|000025|260025|260025
40|051|000026|260026|260026
40|051|000027|260027|260027
40|051|000028|260028|260028
40|051|000029|260029|260029
40|051|000031|260031|260031
40|051|000032|260032|260032
40|051|000033|260033|260033
40|051|000035|260035|260035
40|051|000036|260036|260036
40|051|000037|260037|260037
40|051|000038|260038|260038
40|051|000039|260039|260039
40|051|000040|260040|260040
40|051|000041|260041|260041
40|053|000011|270011|270011
40|053|000017|270017|270017
40|053|000023|270023|270023
40|053|000025|270025|270025
40|053|000026|270026|270026
40|053|000029|270029|270029
40|053|000030|270030|270030
40|055|000101|280101|280101
40|055|000102|280102|280102
40|055|000103|280103|280103
40|055|000105|280105|280105
40|055|000106|280106|280106
40|055|000202|280202|280202
40|055|000203|280203|280203
40|055|000302|280302|280302
40|057|000101|290101|290101
40|057|000102|290102|290102
40|057|000201|290201|290201
40|057|000203|290203|290203
40|057|000204|290204|290204
40|057|000301|290301|290301
40|057|000302|290302|290302
40|059|000201|300201|300201
40|059|000203|300203|300203
40|059|000301|300301|300301
40|059|000302|300302|300302
40|059|000303|300303|300303
40|059|000402|300402|300402
40|061|000007|310007|310007
40|061|000009|310009|310009
40|061|000011|310011|310011
40|061|000015|310015|310015
40|061|000016|310016|310016
40|061|000019|310019|310019
40|061|000023|310023|310023
40|061|000027|310027|310027
40|061|000030|310030|310030
40|061|000031|310031|310031
40|061|000032|310032|310032
40|063|000010|320010|320010
40|063|000011|320011|320011
40|063|000012|320012|320012
40|063|000016|320016|320016
40|063|000018|320018|320018
40|063|000019|320019|320019
40|063|000020|320020|320020
40|063|000021|320021|320021
40|063|000022|320022|320022
40|063|000023|320023|320023
40|063|000030|320030|320030
40|063|000031|320031|320031
40|063|000032|320032|320032
40|063|000033|320033|320033
40|063|000034|320034|320034
40|063|000035|320035|320035
40|065|000001|330001|330001
40|065|000002|330002|330002
40|065|000003|330003|330003
40|065|000006|330006|330006
40|065|000007|330007|330007
40|065|000010|330010|330010
40|065|000014|330014|330014
40|065|000016|330016|330016
40|065|000017|330017|330017
40|065|000018|330018|330018
40|065|000019|330019|330019
40|065|000020|330020|330020
40|065|000021|330021|330021
40|065|000023|330023|330023
40|065|000024|330024|330024
40|067|000001|1|Voting District 1
40|067|000002|2|Voting District 2
40|067|000003|3|Voting District 3
40|067|000004|4|Voting District 4
40|067|000005|5|Voting District 5
40|067|000006|6|Voting District 6
40|067|000007|7|Voting District 7
40|067|000008|8|Voting District 8
40|067|000009|9|Voting District 9
40|067|000010|10|Voting District 10
40|069|000001|350001|350001
40|069|000002|350002|350002
40|069|000003|350003|350003
40|069|000004|350004|350004
40|069|000005|350005|350005
40|069|000006|350006|350006
40|069|000007|350007|350007
40|069|000008|350008|350008
40|069|000009|350009|350009
40|069|000010|350010|350010
40|069|000011|350011|350011
40|069|000012|350012|350012
40|069|000013|350013|350013
40|069|000014|350014|350014
40|071|000001|360001|360001
40|071|000101|360101|360101
40|071|000103|360103|360103
40|071|000202|360202|360202
40|071|000205|360205|360205
40|071|000206|360206|360206
40|071|000400|360400|360400
40|071|000401|360401|360401
40|071|000403|360403|360403
40|071|000404|360404|360404
40|071|000406|360406|360406
40|071|000407|360407|360407
40|071|000409|360409|360409
40|071|000411|360411|360411
40|071|000412|360412|360412
40|071|000413|360413|360413
40|071|000419|360419|360419
40|071|000420|360420|360420
40|071|000503|360503|360503
40|071|000507|360507|360507
40|071|000516|360516|360516
40|071|000517|360517|360517
40|071|000527|360527|360527
40|071|000530|360530|360530
40|071|000532|360532|360532
40|071|000533|360533|360533
40|071|000534|360534|360534
40|071|000535|360535|360535
40|073|000101|370101|370101
40|073|000102|370102|370102
40|073|000103|370103|370103
40|073|000105|370105|370105
40|073|000106|370106|370106
40|073|000201|370201|370201
40|073|000203|370203|370203
40|073|000204|370204|370204
40|073|000301|370301|370301
40|073|000302|370302|370302
40|073|000303|370303|370303
40|073|000304|370304|370304
40|073|000305|370305|370305
40|073|000306|370306|370306
40|075|000001|380001|380001
40|075|000002|380002|380002
40|075|000004|380004|380004
40|075|000005|380005|380005
40|075|000006|380006|380006
40|075|000007|380007|380007
40|075|000008|380008|380008
40|075|000009|380009|380009
40|075|000010|380010|380010
40|075|000011|380011|380011
40|075|000014|380014|380014
40|075|000015|380015|380015
40|075|000016|380016|380016
40|075|000022|380022|380022
40|077|000001|390001|390001
40|077|000002|390002|390002
40|077|000003|390003|390003
40|077|000004|390004|390004
40|077|000005|390005|390005
40|077|000006|390006|390006
40|077|000007|390007|390007
40|077|000008|390008|390008
40|077|000009|390009|390009
40|077|000010|390010|390010
40|077|000011|390011|390011
40|077|000012|390012|390012
40|079|000101|400101|400101
40|079|000102|400102|400102
40|079|000103|400103|400103
40|079|000104|400104|400104
40|079|000105|400105|400105
40|079|000106|400106|400106
40|079|000107|400107|400107
40|079|000108|400108|400108
40|079|000109|400109|400109
40|079|000110|400110|400110
40|079|000111|400111|400111
40|079|000112|400112|400112
40|079|000113|400113|400113
40|079|000114|400114|400114
40|079|000201|400201|400201
40|079|000202|400202|400202
40|079|000203|400203|400203
40|079|000204|400204|400204
40|079|000205|400205|400205
40|079|000207|400207|400207
40|079|000208|400208|400208
40|079|000210|400210|400210
40|079|000211|400211|400211
40|079|000212|400212|400212
40|079|000213|400213|400213
40|079|000214|400214|400214
40|079|000215|400215|400215
40|079|000301|400301|400301
40|079|000302|400302|400302
40|079|000303|400303|400303
40|079|000304|400304|400304
40|079|000305|400305|400305
40|079|000306|400306|400306
40|079|000309|400309|400309
40|079|000310|400310|400310
40|079|000311|400311|400311
40|079|000312|400312|400312
40|081|000001|410001|410001
40|081|000002|410002|410002
40|081|000003|410003|410003
40|081|000004|410004|410004
40|081|000005|410005|410005
40|081|000006|410006|410006
40|081|000007|410007|410007
40|081|000008|410008|410008
40|081|000009|410009|410009
40|081|000010|410010|410010
40|081|000011|410011|410011
40|081|000012|410012|410012
40|081|000013|410013|410013
40|081|000015|410015|410015
40|081|000016|410016|410016
40|081|000017|410017|410017
40|081|000018|410018|410018
40|081|000019|410019|410019
40|081|000020|410020|410020
40|081|000021|410021|410021
40|081|000022|410022|410022
40|083|000101|420101|420101
40|083|000102|420102|420102
40|083|000103|420103|420103
40|083|000104|420104|420104
40|083|000105|420105|420105
40|083|000106|420106|420106
40|083|000201|420201|420201
40|083|000203|420203|420203
40|083|000204|420204|420204
40|083|000205|420205|420205
40|083|000206|420206|420206
40|083|000207|420207|420207
40|083|000301|420301|420301
40|083|000302|420302|420302
40|083|000303|420303|420303
40|083|000304|420304|420304
40|083|000305|420305|420305
40|083|000306|420306|420306
40|083|000307|420307|420307
40|083|000308|420308|420308
40|083|000309|420309|420309
40|083|000310|420310|420310
40|085|000101|101|Voting District 101
40|085|000102|102|Voting District 102
40|085|000103|103|Voting District 103
40|085|000204|204|Voting District 204
40|085|000205|205|Voting District 205
40|085|000206|206|Voting District 206
40|085|000207|207|Voting District 207
40|085|000208|208|Voting District 208
40|085|000310|310|Voting District 310
40|085|000311|311|Voting District 311
40|085|000312|312|Voting District 312
40|085|000313|313|Voting District 313
40|087|000001|440001|440001
40|087|000002|440002|440002
40|087|000003|440003|440003
40|087|000004|440004|440004
40|087|000005|440005|440005
40|087|000006|440006|440006
40|087|000007|440007|440007
40|087|000008|440008|440008
40|087|000009|440009|440009
40|087|000010|440010|440010
40|087|000011|440011|440011
40|087|000012|440012|440012
40|087|000013|440013|440013
40|087|000014|440014|440014
40|087|000015|440015|440015
40|087|000016|440016|440016
40|087|000017|440017|440017
40|087|000018|440018|440018
40|087|000019|440019|440019
40|087|000020|440020|440020
40|087|000021|440021|440021
40|087|000023|440023|440023
40|087|000024|440024|440024
40|087|000026|440026|440026
40|087|000027|440027|440027
40|087|000028|440028|440028
40|089|000002|450002|450002
40|089|000004|450004|450004
40|089|000005|450005|450005
40|089|000006|450006|450006
40|089|000008|450008|450008
40|089|000009|450009|450009
40|089|000011|450011|450011
40|089|000012|450012|450012
40|089|000013|450013|450013
40|089|000014|450014|450014
40|089|000015|450015|450015
40|089|000017|450017|450017
40|089|000018|450018|450018
40|089|000019|450019|450019
40|089|000020|450020|450020
40|089|000022|450022|450022
40|089|000023|450023|450023
40|089|000024|450024|450024
40|089|000025|450025|450025
40|089|000026|450026|450026
40|089|000027|450027|450027
40|089|000028|450028|450028
40|089|000029|450029|450029
40|089|000031|450031|450031
40|089|000033|450033|450033
40|089|000034|450034|450034
40|089|000035|450035|450035
40|089|000036|450036|450036
40|089|000037|450037|450037
40|089|000038|450038|450038
40|091|000102|460102|460102
40|091|000103|460103|460103
40|091|000104|460104|460104
40|091|000201|460201|460201
40|091|000203|460203|460203
40|091|000205|460205|460205
40|091|000307|460307|460307
40|091|000310|460310|460310
40|091|000311|460311|460311
40|091|000312|460312|460312
40|091|000313|460313|460313
40|091|000314|460314|460314
40|091|000315|460315|460315
40|091|000316|460316|460316
40|093|000002|2|Voting District 2
40|093|000004|4|Voting District 4
40|093|000009|9|Voting District 9
40|093|000010|10|Voting District 10
40|093|000015|15|Voting District 15
40|093|000016|Voting District 16|Voting District 16
40|093|000020|20|Voting District 20
40|093|000022|22|Voting District 22
40|095|000101|480101|480101
40|095|000102|480102|480102
40|095|000105|480105|480105
40|095|000106|480106|480106
40|095|000201|480201|480201
40|095|000202|480202|480202
40|095|000204|480204|480204
40|095|000206|480206|480206
40|095|000302|480302|480302
40|095|000303|480303|480303
40|095|000304|480304|480304
40|097|000011|490011|490011
40|097|000012|490012|490012
40|097|000014|490014|490014
40|097|000015|490015|490015
40|097|000016|490016|490016
40|097|000020|490020|490020
40|097|000021|490021|490021
40|097|000022|490022|490022
40|097|000023|490023|490023
40|097|000024|490024|490024
40|097|000025|490025|490025
40|097|000026|490026|490026
40|097|000027|490027|490027
40|097|000031|490031|490031
40|097|000034|490034|490034
40|097|000036|490036|490036
40|097|000037|490037|490037
40|097|000038|490038|490038
40|097|000039|490039|490039
40|097|000101|490101|490101
40|097|000121|490121|490121
40|097|000122|490122|490122
40|097|000130|490130|490130
40|097|000132|490132|490132
40|097|000241|490241|490241
40|097|000242|490242|490242
40|097|000311|490311|490311
40|099|000004|500004|500004
40|099|000005|500005|500005
40|099|000007|500007|500007
40|099|000009|500009|500009
40|099|000012|500012|500012
40|099|000014|500014|500014
40|099|000015|500015|500015
40|099|000017|500017|500017
40|099|000018|500018|500018
40|099|000020|500020|500020
40|101|000005|510005|510005
40|101|000007|510007|510007
40|101|000009|510009|510009
40|101|000011|510011|510011
40|101|000013|510013|510013
40|101|000017|510017|510017
40|101|000021|510021|510021
40|101|000022|510022|510022
40|101|000023|510023|510023
40|101|000028|510028|510028
40|101|000033|510033|510033
40|101|000036|510036|510036
40|101|000037|510037|510037
40|101|000038|510038|510038
40|101|000040|510040|510040
40|101|000041|510041|510041
40|101|000044|510044|510044
40|101|000045|510045|510045
40|101|000046|510046|510046
40|101|000047|510047|510047
40|101|000049|510049|510049
40|101|000050|510050|510050
40|101|000051|510051|510051
40|101|000052|510052|510052
40|101|000053|510053|510053
40|101|000055|510055|510055
40|101|000056|510056|510056
40|101|000057|510057|510057
40|101|000058|510058|510058
40|101|000059|510059|510059
40|101|000060|510060|510060
40|101|000061|510061|510061
40|101|000064|510064|510064
40|103|000101|520101|520101
40|103|000102|520102|520102
40|103|000103|520103|520103
40|103|000104|520104|520104
40|103|000105|520105|520105
40|103|000106|520106|520106
40|103|000201|520201|520201
40|103|000202|520202|520202
40|103|000203|520203|520203
40|103|000301|520301|520301
40|103|000305|520305|520305
40|103|000307|520307|520307
40|105|000101|530101|530101
40|105|000102|530102|530102
40|105|000103|530103|530103
40|105|000201|530201|530201
40|105|000202|530202|530202
40|105|000203|530203|530203
40|105|000204|530204|530204
40|105|000301|530301|530301
40|105|000302|530302|530302
40|105|000303|530303|530303
40|105|000304|530304|530304
40|107|000101|540101|540101
40|107|000102|540102|540102
40|107|000103|540103|540103
40|107|000105|540105|540105
40|107|000206|540206|540206
40|107|000207|540207|540207
40|107|000208|540208|540208
40|107|000209|540209|540209
40|107|000210|540210|540210
40|107|000311|540311|540311
40|107|000312|540312|540312
40|107|000313|540313|540313
40|107|000314|540314|540314
40|109|000001|550001|550001
40|109|000002|550002|550002
40|109|000003|550003|550003
40|109|000004|550004|550004
40|109|000005|550005|550005
40|109|000006|550006|550006
40|109|000007|550007|550007
40|109|000008|550008|550008
40|109|000009|550009|550009
40|109|000010|550010|550010
40|109|000011|550011|550011
40|109|000012|550012|550012
40|109|000013|550013|550013
40|109|000014|550014|550014
40|109|000015|550015|550015
40|109|000016|550016|550016
40|109|000017|550017|550017
40|109|000018|550018|550018
40|109|000019|550019|550019
40|109|000020|550020|550020
40|109|000021|550021|550021
40|109|000022|550022|550022
40|109|000023|550023|550023
40|109|000024|550024|550024
40|109|000025|550025|550025
40|109|000026|550026|550026
40|109|000027|550027|550027
40|109|000028|550028|550028
40|109|000029|550029|550029
40|109|000030|550030|550030
40|109|000031|550031|550031
40|109|000032|550032|550032
40|109|000033|550033|550033
40|109|000034|550034|550034
40|109|000035|550035|550035
40|109|000036|550036|550036
40|109|000037|550037|550037
40|109|000038|550038|550038
40|109|000039|550039|550039
40|109|000040|550040|550040
40|109|000041|550041|550041
40|109|000042|550042|550042
40|109|000043|550043|550043
40|109|000044|550044|550044
40|109|000045|550045|550045
40|109|000046|550046|550046
40|109|000047|550047|550047
40|109|000048|550048|550048
40|109|000049|550049|550049
40|109|000050|550050|550050
40|109|000051|550051|550051
40|109|000052|550052|550052
40|109|000053|550053|550053
40|109|000054|550054|550054
40|109|000055|550055|550055
40|109|000056|550056|550056
40|109|000057|550057|550057
40|109|000058|550058|550058
40|109|000059|550059|550059
40|109|000060|550060|550060
40|109|000061|550061|550061
40|109|000062|550062|550062
40|109|000063|550063|550063
40|109|000064|550064|550064
40|109|000065|550065|550065
40|109|000066|550066|550066
40|109|000067|550067|550067
40|109|000068|550068|550068
40|109|000069|550069|550069
40|109|000070|550070|550070
40|109|000071|550071|550071
40|109|000072|550072|550072
40|109|000073|550073|550073
40|109|000074|550074|550074
40|109|000075|550075|550075
40|109|000076|550076|550076
40|109|000077|550077|550077
40|109|000078|550078|550078
40|109|000079|550079|550079
40|109|000080|550080|550080
40|109|000081|550081|550081
40|109|000082|550082|550082
40|109|000083|550083|550083
40|109|000084|550084|550084
40|109|000085|550085|550085
40|109|000086|550086|550086
40|109|000087|550087|550087
40|109|000088|550088|550088
40|109|000089|550089|550089
40|109|000090|550090|550090
40|109|000091|550091|550091
40|109|000092|550092|550092
40|109|000093|550093|550093
40|109|000094|550094|550094
40|109|000095|550095|550095
40|109|000096|550096|550096
40|109|000097|550097|550097
40|109|000098|550098|550098
40|109|000099|550099|550099
40|109|000100|550100|550100
40|109|000101|550101|550101
40|109|000102|550102|550102
40|109|000103|550103|550103
40|109|000104|550104|550104
40|109|000105|550105|550105
40|109|000106|550106|550106
40|109|000107|550107|550107
40|109|000108|550108|550108
40|109|000109|550109|550109
40|109|000110|550110|550110
40|109|000111|550111|550111
40|109|000112|550112|550112
40|109|000113|550113|550113
40|109|000114|550114|550114
40|109|000115|550115|550115
40|109|000116|550116|550116
40|109|000117|550117|550117
40|109|000118|550118|550118
40|109|000119|550119|550119
40|109|000120|550120|550120
40|109|000121|550121|550121
40|109|000122|550122|550122
40|109|000123|550123|550123
40|109|000124|550124|550124
40|109|000125|550125|550125
40|109|000126|550126|550126
40|109|000127|550127|550127
40|109|000128|550128|550128
40|109|000129|550129|550129
40|109|000130|550130|550130
40|109|000131|550131|550131
40|109|000132|550132|550132
40|109|000133|550133|550133
40|109|000134|550134|550134
40|109|000135|550135|550135
40|109|000136|550136|550136
40|109|000137|550137|550137
40|109|000138|550138|550138
40|109|000139|550139|550139
40|109|000140|550140|550140
40|109|000141|550141|550141
40|109|000142|550142|550142
40|109|000143|550143|550143
40|109|000144|550144|550144
40|109|000145|550145|550145
40|109|000146|550146|550146
40|109|000147|550147|550147
40|109|000148|550148|550148
40|109|000149|550149|550149
40|109|000150|550150|550150
40|109|000151|550151|550151
40|109|000152|550152|550152
40|109|000153|550153|550153
40|109|000154|550154|550154
40|109|000155|550155|550155
40|109|000156|550156|550156
40|109|000157|550157|550157
40|109|000158|550158|550158
40|109|000159|550159|550159
40|109|000160|550160|550160
40|109|000161|550161|550161
40|109|000162|550162|550162
40|109|000163|550163|550163
40|109|000164|550164|550164
40|109|000165|550165|550165
40|109|000166|550166|550166
40|109|000167|550167|550167
40|109|000168|550168|550168
40|109|000169|550169|550169
40|109|000170|550170|550170
40|109|000171|550171|550171
40|109|000172|550172|550172
40|109|000173|550173|550173
40|109|000174|550174|550174
40|109|000175|550175|550175
40|109|000176|550176|550176
40|109|000177|550177|550177
40|109|000178|550178|550178
40|109|000179|550179|550179
40|109|000180|550180|550180
40|109|000181|550181|550181
40|109|000182|550182|550182
40|109|000183|550183|550183
40|109|000184|550184|550184
40|109|000185|550185|550185
40|109|000186|550186|550186
40|109|000187|550187|550187
40|109|000188|550188|550188
40|109|000189|550189|550189
40|109|000190|550190|550190
40|109|000191|550191|550191
40|109|000192|550192|550192
40|109|000193|550193|550193
40|109|000194|550194|550194
40|109|000195|550195|550195
40|109|000196|550196|550196
40|109|000197|550197|550197
40|109|000198|550198|550198
40|109|000199|550199|550199
40|109|000200|550200|550200
40|109|000201|550201|550201
40|109|000202|550202|550202
40|109|000203|550203|550203
40|109|000204|550204|550204
40|109|000205|550205|550205
40|109|000206|550206|550206
40|109|000207|550207|550207
40|109|000208|550208|550208
40|109|000209|550209|550209
40|109|000210|550210|550210
40|109|000211|550211|550211
40|109|000212|550212|550212
40|109|000213|550213|550213
40|109|000214|550214|550214
40|109|000215|550215|550215
40|109|000216|550216|550216
40|109|000217|550217|550217
40|109|000218|550218|550218
40|109|000219|550219|550219
40|109|000220|550220|550220
40|109|000221|550221|550221
40|109|000222|550222|550222
40|109|000223|550223|550223
40|109|000224|550224|550224
40|109|000225|550225|550225
40|109|000226|550226|550226
40|109|000227|550227|550227
40|109|000228|550228|550228
40|109|000229|550229|550229
40|109|000230|550230|550230
40|109|000231|550231|550231
40|109|000232|550232|550232
40|109|000233|550233|550233
40|109|000234|550234|550234
40|109|000235|550235|550235
40|109|000236|550236|550236
40|109|000237|550237|550237
40|109|000238|550238|550238
40|109|000239|550239|550239
40|109|000240|550240|550240
40|109|000241|550241|550241
40|109|000242|550242|550242
40|109|000243|550243|550243
40|109|000244|550244|550244
40|109|000245|550245|550245
40|109|000246|550246|550246
40|109|000247|550247|550247
40|109|000248|550248|550248
40|109|000249|550249|550249
40|109|000250|550250|550250
40|109|000251|550251|550251
40|109|000252|550252|550252
40|109|000253|550253|550253
40|109|000254|550254|550254
40|109|000255|550255|550255
40|109|000256|550256|550256
40|109|000257|550257|550257
40|111|000004|560004|560004
40|111|000007|560007|560007
40|111|000008|560008|560008
40|111|000009|560009|560009
40|111|000010|560010|560010
40|111|000011|560011|560011
40|111|000013|560013|560013
40|111|000014|560014|560014
40|111|000015|560015|560015
40|111|000016|560016|560016
40|111|000018|560018|560018
40|111|000019|560019|560019
40|111|000020|560020|560020
40|111|000021|560021|560021
40|111|000026|560026|560026
40|111|000027|560027|560027
40|111|000029|560029|560029
40|111|000031|560031|560031
40|111|000032|560032|560032
40|111|000033|560033|560033
40|111|000034|560034|560034
40|111|000035|560035|560035
40|111|000036|560036|560036
40|111|000038|560038|560038
40|113|000101|570101|570101
40|113|000102|570102|570102
40|113|000103|570103|570103
40|113|000105|570105|570105
40|113|000106|570106|570106
40|113|000107|570107|570107
40|113|000108|570108|570108
40|113|000109|570109|570109
40|113|000110|570110|570110
40|113|000111|570111|570111
40|113|000112|570112|570112
40|113|000113|570113|570113
40|113|000201|570201|570201
40|113|000202|570202|570202
40|113|000203|570203|570203
40|113|000204|570204|570204
40|113|000205|570205|570205
40|113|000301|570301|570301
40|113|000302|570302|570302
40|113|000303|570303|570303
40|113|000305|570305|570305
40|113|000306|570306|570306
40|113|000307|570307|570307
40|113|000308|570308|570308
40|113|000309|570309|570309
40|113|000310|570310|570310
40|113|000311|570311|570311
40|113|000312|570312|570312
40|115|000002|580002|580002
40|115|000003|580003|580003
40|115|000004|580004|580004
40|115|000005|580005|580005
40|115|000007|580007|580007
40|115|000008|580008|580008
40|115|000009|580009|580009
40|115|000011|580011|580011
40|115|000012|580012|580012
40|115|000014|580014|580014
40|115|000023|580023|580023
40|115|000025|580025|580025
40|115|000026|580026|580026
40|115|000028|580028|580028
40|115|000031|580031|580031
40|115|000034|580034|580034
40|115|ZZZZZZ|Voting Districts Not Defined|Voting Districts Not Defined
40|117|000104|590104|590104
40|117|000111|590111|590111
40|117|000112|590112|590112
40|117|000118|590118|590118
40|117|000202|590202|590202
40|117|000215|590215|590215
40|117|000217|590217|590217
40|117|000307|590307|590307
40|117|000309|590309|590309
40|117|000314|590314|590314
40|119|000001|600001|600001
40|119|000002|600002|600002
40|119|000003|600003|600003
40|119|000004|600004|600004
40|119|000005|600005|600005
40|119|000006|600006|600006
40|119|000007|600007|600007
40|119|000008|600008|600008
40|119|000009|600009|600009
40|119|000010|600010|600010
40|119|000011|600011|600011
40|119|000012|600012|600012
40|119|000013|600013|600013
40|119|000014|600014|600014
40|119|000015|600015|600015
40|119|000016|600016|600016
40|119|000101|600101|600101
40|119|000102|600102|600102
40|119|000103|600103|600103
40|119|000104|600104|600104
40|119|000201|600201|600201
40|119|000301|600301|600301
40|119|000401|600401|600401
40|119|000402|600402|600402
40|119|000403|600403|600403
40|119|000404|600404|600404
40|119|000405|600405|600405
40|119|000406|600406|600406
40|119|000407|600407|600407
40|119|000408|600408|600408
40|119|000409|600409|600409
40|121|000001|610001|610001
40|121|000003|610003|610003
40|121|000004|610004|610004
40|121|000005|610005|610005
40|121|000006|610006|610006
40|121|000007|610007|610007
40|121|000008|610008|610008
40|121|000011|610011|610011
40|121|000014|610014|610014
40|121|000015|610015|610015
40|121|000019|610019|610019
40|121|000020|610020|610020
40|121|000021|610021|610021
40|121|000023|610023|610023
40|121|000026|610026|610026
40|121|000027|610027|610027
40|121|000028|610028|610028
40|121|000029|610029|610029
40|121|000030|610030|610030
40|121|000031|610031|610031
40|121|000032|610032|610032
40|121|000033|610033|610033
40|121|000034|610034|610034
40|121|000035|610035|610035
40|121|000036|610036|610036
40|121|000037|610037|610037
40|121|000038|610038|610038
40|121|000039|610039|610039
40|121|000040|610040|610040
40|121|000041|610041|610041
40|121|000042|610042|610042
40|121|000043|610043|610043
40|121|000044|610044|610044
40|121|000045|610045|610045
40|121|000046|610046|610046
40|121|000047|610047|610047
40|121|000048|610048|610048
40|121|000049|610049|610049
40|121|000051|610051|610051
40|121|000052|610052|610052
40|121|000053|610053|610053
40|123|000013|620013|620013
40|123|000016|620016|620016
40|123|000022|620022|620022
40|123|000025|620025|620025
40|123|000031|620031|620031
40|123|000051|620051|620051
40|123|000052|620052|620052
40|123|000053|620053|620053
40|123|000054|620054|620054
40|123|000055|620055|620055
40|123|000056|620056|620056
40|123|000058|620058|620058
40|123|000059|620059|620059
40|123|000060|620060|620060
40|123|000061|620061|620061
40|123|000062|620062|620062
40|123|000063|620063|620063
40|123|000064|620064|620064
40|123|000065|620065|620065
40|123|000066|620066|620066
40|123|000067|620067|620067
40|125|000001|630001|630001
40|125|000002|630002|630002
40|125|000003|630003|630003
40|125|000006|630006|630006
40|125|000007|630007|630007
40|125|000009|630009|630009
40|125|000011|630011|630011
40|125|000012|630012|630012
40|125|000013|630013|630013
40|125|000015|630015|630015
40|125|000018|630018|630018
40|125|000021|630021|630021
40|125|000022|630022|630022
40|125|000024|630024|630024
40|125|000025|630025|630025
40|125|000026|630026|630026
40|125|000027|630027|630027
40|125|000029|630029|630029
40|125|000030|630030|630030
40|125|000031|630031|630031
40|125|000033|630033|630033
40|125|000037|630037|630037
40|125|000038|630038|630038
40|125|000040|630040|630040
40|125|000041|630041|630041
40|125|000042|630042|630042
40|127|000001|1|Voting District 1
40|127|000002|2|Voting District 2
40|127|000003|3|Voting District 3
40|127|000004|4|Voting District 4
40|127|000007|7|Voting District 7
40|127|000008|8|Voting District 8
40|127|000009|9|Voting District 9
40|127|000010|10|Voting District 10
40|127|000011|11|Voting District 11
40|127|000012|12|Voting District 12
40|127|000014|14|Voting District 14
40|127|000015|15|Voting District 15
40|127|000017|17|Voting District 17
40|129|000101|650101|650101
40|129|000102|650102|650102
40|129|000103|650103|650103
40|129|000201|650201|650201
40|129|000202|650202|650202
40|129|000203|650203|650203
40|129|000301|650301|650301
40|129|000302|650302|650302
40|129|000303|650303|650303
40|131|000001|660001|660001
40|131|000002|660002|660002
40|131|000003|660003|660003
40|131|000004|660004|660004
40|131|000005|660005|660005
40|131|000006|660006|660006
40|131|000007|660007|660007
40|131|000008|660008|660008
40|131|000009|660009|660009
40|131|000010|660010|660010
40|131|000011|660011|660011
40|131|000012|660012|660012
40|131|000013|660013|660013
40|131|000014|660014|660014
40|131|000015|660015|660015
40|131|000017|660017|660017
40|131|000018|660018|660018
40|131|000019|660019|660019
40|131|000020|660020|660020
40|131|000021|660021|660021
40|131|000022|660022|660022
40|131|000023|660023|660023
40|131|000024|660024|660024
40|131|000025|660025|660025
40|131|000026|660026|660026
40|131|000027|660027|660027
40|131|000029|660029|660029
40|131|000030|660030|660030
40|131|000031|660031|660031
40|131|000032|660032|660032
40|131|000033|660033|660033
40|131|000110|660110|660110
40|131|000116|660116|660116
40|131|000120|660120|660120
40|131|000128|660128|660128
40|131|000130|660130|660130
40|133|000010|670010|670010
40|133|000012|670012|670012
40|133|000014|670014|670014
40|133|000015|670015|670015
40|133|000020|670020|670020
40|133|000022|670022|670022
40|133|000023|670023|670023
40|133|000024|670024|670024
40|133|000025|670025|670025
40|133|000030|670030|670030
40|133|000032|670032|670032
40|133|000033|670033|670033
40|133|000034|670034|670034
40|133|000035|670035|670035
40|135|000101|680101|680101
40|135|000102|680102|680102
40|135|000103|680103|680103
40|135|000104|680104|680104
40|135|000105|680105|680105
40|135|000106|680106|680106
40|135|000201|680201|680201
40|135|000202|680202|680202
40|135|000203|680203|680203
40|135|000204|680204|680204
40|135|000205|680205|680205
40|135|000206|680206|680206
40|135|000207|680207|680207
40|135|000208|680208|680208
40|135|000209|680209|680209
40|135|000210|680210|680210
40|135|000301|680301|680301
40|135|000302|680302|680302
40|135|000303|680303|680303
40|135|000304|680304|680304
40|135|000305|680305|680305
40|135|000306|680306|680306
40|135|000307|680307|680307
40|135|000308|680308|680308
40|135|000309|680309|680309
40|135|000310|680310|680310
40|137|000001|690001|690001
40|137|000003|690003|690003
40|137|000004|690004|690004
40|137|000008|690008|690008
40|137|000012|690012|690012
40|137|000013|690013|690013
40|137|000014|690014|690014
40|137|000015|690015|690015
40|137|000016|690016|690016
40|137|000019|690019|690019
40|137|000032|690032|690032
40|137|000033|690033|690033
40|137|000041|690041|690041
40|137|000049|690049|690049
40|137|000050|690050|690050
40|137|000051|690051|690051
40|137|000052|690052|690052
40|137|000053|690053|690053
40|137|000054|690054|690054
40|137|000055|690055|690055
40|137|000056|690056|690056
40|137|000057|690057|690057
40|137|000058|690058|690058
40|137|000059|690059|690059
40|137|000060|690060|690060
40|137|000061|690061|690061
40|137|000062|690062|690062
40|137|000063|690063|690063
40|139|000101|700101|700101
40|139|000102|700102|700102
40|139|000104|700104|700104
40|139|000107|700107|700107
40|139|000201|700201|700201
40|139|000202|700202|700202
40|139|000205|700205|700205
40|139|000302|700302|700302
40|139|000303|700303|700303
40|139|000304|700304|700304
40|139|000305|700305|700305
40|141|000001|710001|710001
40|141|000002|710002|710002
40|141|000003|710003|710003
40|141|000004|710004|710004
40|141|000006|710006|710006
40|141|000007|710007|710007
40|141|000009|710009|710009
40|141|000010|710010|710010
40|141|000012|710012|710012
40|143|000001|720001|720001
40|143|000002|720002|720002
40|143|000003|720003|720003
40|143|000004|720004|720004
40|143|000005|720005|720005
40|143|000006|720006|720006
40|143|000007|720007|720007
40|143|000008|720008|720008
40|143|000009|720009|720009
40|143|000010|720010|720010
40|143|000011|720011|720011
40|143|000012|720012|720012
40|143|000013|720013|720013
40|143|000014|720014|720014
40|143|000015|720015|720015
40|143|000016|720016|720016
40|143|000017|720017|720017
40|143|000018|720018|720018
40|143|000019|720019|720019
40|143|000020|720020|720020
40|143|000021|720021|720021
40|143|000022|720022|720022
40|143|000023|720023|720023
40|143|000024|720024|720024
40|143|000025|720025|720025
40|143|000026|720026|720026
40|143|000027|720027|720027
40|143|000028|720028|720028
40|143|000029|720029|720029
40|143|000030|720030|720030
40|143|000031|720031|720031
40|143|000032|720032|720032
40|143|000033|720033|720033
40|143|000034|720034|720034
40|143|000035|720035|720035
40|143|000036|720036|720036
40|143|000037|720037|720037
40|143|000038|720038|720038
40|143|000039|720039|720039
40|143|000040|720040|720040
40|143|000041|720041|720041
40|143|000042|720042|720042
40|143|000043|720043|720043
40|143|000044|720044|720044
40|143|000045|720045|720045
40|143|000046|720046|720046
40|143|000047|720047|720047
40|143|000048|720048|720048
40|143|000049|720049|720049
40|143|000050|720050|720050
40|143|000051|720051|720051
40|143|000052|720052|720052
40|143|000053|720053|720053
40|143|000054|720054|720054
40|143|000055|720055|720055
40|143|000056|720056|720056
40|143|000057|720057|720057
40|143|000058|720058|720058
40|143|000059|720059|720059
40|143|000060|720060|720060
40|143|000061|720061|720061
40|143|000062|720062|720062
40|143|000063|720063|720063
40|143|000064|720064|720064
40|143|000065|720065|720065
40|143|000066|720066|720066
40|143|000067|720067|720067
40|143|000068|720068|720068
40|143|000069|720069|720069
40|143|000070|720070|720070
40|143|000071|720071|720071
40|143|000072|720072|720072
40|143|000073|720073|720073
40|143|000074|720074|720074
40|143|000075|720075|720075
40|143|000076|720076|720076
40|143|000077|720077|720077
40|143|000078|720078|720078
40|143|000079|720079|720079
40|143|000080|720080|720080
40|143|000081|720081|720081
40|143|000082|720082|720082
40|143|000083|720083|720083
40|143|000084|720084|720084
40|143|000085|720085|720085
40|143|000086|720086|720086
40|143|000087|720087|720087
40|143|000088|720088|720088
40|143|000089|720089|720089
40|143|000090|720090|720090
40|143|000091|720091|720091
40|143|000092|720092|720092
40|143|000093|720093|720093
40|143|000094|720094|720094
40|143|000095|720095|720095
40|143|000096|720096|720096
40|143|000097|720097|720097
40|143|000098|720098|720098
40|143|000099|720099|720099
40|143|000100|720100|720100
40|143|000101|720101|720101
40|143|000102|720102|720102
40|143|000103|720103|720103
40|143|000104|720104|720104
40|143|000105|720105|720105
40|143|000106|720106|720106
40|143|000107|720107|720107
40|143|000108|720108|720108
40|143|000109|720109|720109
40|143|000110|720110|720110
40|143|000111|720111|720111
40|143|000112|720112|720112
40|143|000113|720113|720113
40|143|000114|720114|720114
40|143|000115|720115|720115
40|143|000116|720116|720116
40|143|000117|720117|720117
40|143|000118|720118|720118
40|143|000119|720119|720119
40|143|000120|720120|720120
40|143|000121|720121|720121
40|143|000122|720122|720122
40|143|000123|720123|720123
40|143|000124|720124|720124
40|143|000125|720125|720125
40|143|000126|720126|720126
40|143|000127|720127|720127
40|143|000128|720128|720128
40|143|000129|720129|720129
40|143|000130|720130|720130
40|143|000131|720131|720131
40|143|000132|720132|720132
40|143|000133|720133|720133
40|143|000134|720134|720134
40|143|000135|720135|720135
40|143|000136|720136|720136
40|143|000137|720137|720137
40|143|000138|720138|720138
40|143|000139|720139|720139
40|143|000140|720140|720140
40|143|000141|720141|720141
40|143|000142|720142|720142
40|143|000143|720143|720143
40|143|000144|720144|720144
40|143|000145|720145|720145
40|143|000146|720146|720146
40|143|000147|720147|720147
40|143|000148|720148|720148
40|143|000149|720149|720149
40|143|000150|720150|720150
40|143|000151|720151|720151
40|143|000152|720152|720152
40|143|000153|720153|720153
40|143|000154|720154|720154
40|143|000155|720155|720155
40|143|000156|720156|720156
40|143|000157|720157|720157
40|143|000158|720158|720158
40|143|000159|720159|720159
40|143|000160|720160|720160
40|143|000161|720161|720161
40|143|000162|720162|720162
40|143|000163|720163|720163
40|143|000164|720164|720164
40|143|000165|720165|720165
40|143|000166|720166|720166
40|143|000167|720167|720167
40|143|000168|720168|720168
40|143|000169|720169|720169
40|143|000170|720170|720170
40|143|000171|720171|720171
40|143|000172|720172|720172
40|143|000173|720173|720173
40|143|000174|720174|720174
40|143|000175|720175|720175
40|143|000176|720176|720176
40|143|000351|720351|720351
40|143|000352|720352|720352
40|143|000353|720353|720353
40|143|000354|720354|720354
40|143|000355|720355|720355
40|143|000356|720356|720356
40|143|000400|720400|720400
40|143|000401|720401|720401
40|143|000402|720402|720402
40|143|000403|720403|720403
40|143|000404|720404|720404
40|143|000405|720405|720405
40|143|000406|720406|720406
40|143|000407|720407|720407
40|143|000408|720408|720408
40|143|000409|720409|720409
40|143|000410|720410|720410
40|143|000411|720411|720411
40|143|000451|720451|720451
40|143|000452|720452|720452
40|143|000453|720453|720453
40|143|000454|720454|720454
40|143|000455|720455|720455
40|143|000456|720456|720456
40|143|000457|720457|720457
40|143|000458|720458|720458
40|143|000459|720459|720459
40|143|000460|720460|720460
40|143|000461|720461|720461
40|143|000462|720462|720462
40|143|000463|720463|720463
40|143|000464|720464|720464
40|143|000465|720465|720465
40|143|000466|720466|720466
40|143|000467|720467|720467
40|143|000468|720468|720468
40|143|000469|720469|720469
40|143|000470|720470|720470
40|143|000471|720471|720471
40|143|000472|720472|720472
40|143|000473|720473|720473
40|143|000474|720474|720474
40|143|000475|720475|720475
40|143|000476|720476|720476
40|143|000501|720501|720501
40|143|000502|720502|720502
40|143|000503|720503|720503
40|143|000504|720504|720504
40|143|000551|720551|720551
40|143|000552|720552|720552
40|143|000553|720553|720553
40|143|000700|720700|720700
40|143|000701|720701|720701
40|143|000702|720702|720702
40|143|000703|720703|720703
40|143|000704|720704|720704
40|143|000705|720705|720705
40|143|000706|720706|720706
40|143|000707|720707|720707
40|143|000708|720708|720708
40|143|000709|720709|720709
40|143|000710|720710|720710
40|143|000750|720750|720750
40|143|000751|720751|720751
40|143|000752|720752|720752
40|143|000753|720753|720753
40|143|000754|720754|720754
40|143|000755|720755|720755
40|143|000756|720756|720756
40|143|000757|720757|720757
40|143|000758|720758|720758
40|143|000759|720759|720759
40|143|000760|720760|720760
40|143|000801|720801|720801
40|143|000802|720802|720802
40|143|000851|720851|720851
40|143|000852|720852|720852
40|143|000853|720853|720853
40|143|000854|720854|720854
40|143|000855|720855|720855
40|143|000856|720856|720856
40|143|000857|720857|720857
40|143|000858|720858|720858
40|143|000880|720880|720880
40|143|000881|720881|720881
40|143|000900|720900|720900
40|145|000101|730101|730101
40|145|000102|730102|730102
40|145|000103|730103|730103
40|145|000104|730104|730104
40|145|000105|730105|730105
40|145|000106|730106|730106
40|145|000107|730107|730107
40|145|000108|730108|730108
40|145|000109|730109|730109
40|145|000201|730201|730201
40|145|000202|730202|730202
40|145|000203|730203|730203
40|145|000204|730204|730204
40|145|000205|730205|730205
40|145|000206|730206|730206
40|145|000207|730207|730207
40|145|000208|730208|730208
40|145|000209|730209|730209
40|145|000210|730210|730210
40|145|000301|730301|730301
40|145|000302|730302|730302
40|145|000303|730303|730303
40|145|000304|730304|730304
40|145|000305|730305|730305
40|145|000306|730306|730306
40|145|000307|730307|730307
40|145|000308|730308|730308
40|145|000309|730309|730309
40|145|000310|730310|730310
40|145|000311|730311|730311
40|145|000312|730312|730312
40|145|000313|730313|730313
40|147|000011|740011|740011
40|147|000012|740012|740012
40|147|000013|740013|740013
40|147|000015|740015|740015
40|147|000022|740022|740022
40|147|000027|740027|740027
40|147|000028|740028|740028
40|147|000031|740031|740031
40|147|000033|740033|740033
40|147|000046|740046|740046
40|147|000048|740048|740048
40|147|000051|740051|740051
40|147|000054|740054|740054
40|147|000062|740062|740062
40|147|000071|740071|740071
40|147|000073|740073|740073
40|147|000074|740074|740074
40|147|000075|740075|740075
40|147|000076|740076|740076
40|147|000077|740077|740077
40|147|000078|740078|740078
40|147|000079|740079|740079
40|147|000711|740711|740711
40|149|000003|750003|750003
40|149|000004|750004|750004
40|149|000007|750007|750007
40|149|000009|750009|750009
40|149|000012|750012|750012
40|149|000014|750014|750014
40|149|000016|750016|750016
40|149|000017|750017|750017
40|149|000018|750018|750018
40|149|000019|750019|750019
40|149|000020|750020|750020
40|149|000030|750030|750030
40|151|000001|760001|760001
40|151|000002|760002|760002
40|151|000003|760003|760003
40|151|000004|760004|760004
40|151|000005|760005|760005
40|151|000008|760008|760008
40|153|000101|770101|770101
40|153|000102|770102|770102
40|153|000104|770104|770104
40|153|000105|770105|770105
40|153|000106|770106|770106
40|153|000201|770201|770201
40|153|000202|770202|770202
40|153|000203|770203|770203
40|153|000204|770204|770204
40|153|000301|770301|770301
40|153|000302|770302|770302
40|153|000303|770303|770303
40|153|000304|770304|770304
40|153|000306|770306|770306
40|153|000307|770307|770307
